85 50
  -0.22441871 0.094236225 -0.0022844463 0.062174603 -0.13774233 -0.13876347 0.019097751 0.06249832 -0.20982344 -0.11161948 -0.009445918 -0.0105151115 -0.010573363 -0.10800021 0.008189466 0.030472009 0.25936428 0.24299936 -0.21940635 -0.19058244 -0.04963622 -0.03512671 0.39916763 0.0040639043 0.10308182 -0.060338605 -0.012684994 0.018339625 0.04605348 0.10852635 0.061501797 -0.28343233 0.0797665 -0.043780144 -0.020689057 -0.056503907 0.11136235 0.07715936 -0.0036545468 -0.023688797 -0.026316034 -0.044773147 -0.17111093 0.028649861 -0.026278347 -0.031595282 0.13962577 0.029364923 0.04519939 0.09150955
e -0.2872081 0.17446887 0.06245565 -0.074005134 -0.14933163 -0.17765656 0.11779347 -0.11634544 -0.15694971 -0.1390534 -0.017659651 -0.055050287 -0.10622741 -0.06215876 0.07893141 0.033466417 0.0037982138 0.024005648 -0.20667131 -0.14428088 -0.047829367 0.03690602 0.2783679 0.08904185 -0.002811321 -0.012354607 -0.10623435 -0.06347609 -0.11212673 0.17876127 0.21990797 -0.20884205 -0.02071417 -0.0740437 0.0016182457 0.057827674 0.17376685 0.059133697 0.16399395 -0.052285105 0.08935794 -0.034840025 -0.09292048 -0.08177299 0.08965538 -0.12817107 0.13429648 0.09801986 0.09393434 0.16455777
t -0.06047416 0.05024137 0.07448054 -0.12857233 -0.2442923 -0.16851991 -0.06355573 -0.018501598 -0.28297654 -0.11539162 -0.039553028 -0.033060007 -0.019748261 -0.008519578 0.13998191 0.044169813 0.0029306454 -0.03866584 -0.24491186 -0.18474044 -0.1196933 -0.084537275 0.38355303 0.1087462 0.069403626 0.000113254035 0.09088922 0.026564837 -0.0915407 0.11143043 0.104132965 -0.1656192 0.11570071 -0.07825675 0.0022617376 -0.16400911 0.15763493 0.01721728 -0.03097646 0.057361946 0.0135124745 -0.030855073 0.035780508 -0.11874628 0.1592678 -0.07324777 0.13646775 0.10417424 -0.0486098 0.04575845
a -0.25000727 0.011057166 0.105309315 -0.1666772 -0.14044957 -0.18552025 0.078641675 0.092609175 -0.16801277 -0.230103 0.01952311 -0.077000506 -0.01219239 -0.032683797 -0.10641149 -0.06907334 0.08865348 0.029872011 -0.3045574 -0.12810414 -0.117051005 0.070355564 0.27121833 -0.019177139 -0.030792972 -0.09292149 -0.021340068 -0.08284446 0.08363876 0.101571955 0.08653858 -0.17475149 0.07479679 -0.12357019 -0.007834595 -0.007664303 0.19429068 0.056164518 0.018821383 -0.07782041 0.1203198 0.024920415 -0.062645905 -0.06937715 0.15366773 0.053295404 0.10769614 -0.04080044 0.21912687 0.18839025
o -0.31824479 0.149254 -0.017232003 0.035105582 -0.128109 -0.20896745 -0.024309196 0.01762525 -0.21370332 -0.19541161 -0.14068434 0.016418464 -0.121454775 0.10702 -0.022672193 0.008303332 0.01925786 0.07838563 -0.1803133 -0.031947024 0.0059016203 0.14019936 0.24059871 0.13598283 0.048497193 0.007844702 -0.088653944 0.021580137 0.06860936 0.17568351 0.08378058 -0.14015496 0.1833075 -0.1425238 -0.0047173295 -0.07665869 0.21376711 0.07104627 -0.011881244 -0.044652075 0.1617039 -0.050949316 -0.11953692 -0.10526827 0.21193908 0.04033238 0.092302635 0.06318906 0.14903891 0.16559383
n -0.17569754 -0.04635541 0.19032417 -0.04729064 -0.16883735 -0.19175455 -0.07381655 -0.096991636 -0.24855901 -0.12576465 0.050540388 -0.1102989 -0.07711421 0.048675083 0.009416942 -0.013454103 0.116703965 0.07758492 -0.12543562 -0.18906914 -0.05804392 0.12650427 0.32352903 0.124531105 0.10067229 0.1279062 0.11368464 0.006762288 -0.12904304 -0.03599654 0.15282044 -0.20475277 -0.044077735 -0.010856608 -0.23321302 -0.096497014 0.23220591 -0.12002048 -0.0644178 -0.012534551 -0.09649005 0.030667016 0.024015253 -0.078550056 0.116401225 0.053168025 0.2553219 -0.020596577 0.118751794 0.050461713
i -0.28262097 0.0121829 0.018072885 -0.105493344 -0.08972056 -0.22309183 -0.031713217 0.08263541 -0.20339325 -0.19206682 0.05932787 -0.05214629 -0.041586056 0.09074798 -0.009876684 -0.014936246 0.23459609 0.011313678 -0.16904655 -0.11235638 -0.021372598 0.027583929 0.2897744 -0.087015085 0.05756292 -0.07883823 0.06623561 0.100776196 -0.11257857 0.10020171 0.2043804 -0.0775451 0.103404015 -0.119157836 -0.057919595 0.054933213 0.22425663 -0.040796127 0.0593049 -0.17024899 0.099655025 0.034854107 -0.05409076 -0.1428746 0.1589381 -0.061219044 0.11522342 0.06304774 0.02174471 0.20677224
s -0.22742303 -0.07052587 -0.0073107528 0.009275293 -0.09802491 -0.19387726 0.069963194 0.034815934 -0.17062815 -0.084714964 0.0074985935 -0.03251681 0.04782801 -0.0072233877 0.09366804 0.106822155 0.04093412 0.12464842 -0.25809446 -0.14938049 -0.047745258 -0.063393675 0.23061989 0.10448533 0.0155703295 0.07106864 -0.032302503 -0.013056279 -0.16847743 0.17308317 0.09019708 -0.20632412 0.0026841885 -0.14669268 -0.025950544 -0.0059010223 0.21589068 -0.01376472 -0.08083394 0.08652368 0.07540543 0.029248133 -0.13084626 -0.22487716 0.20711377 -0.00392186 0.21169834 -0.019421356 0.026562616 0.09057652
h -0.22548775 0.12023216 -0.08987056 -0.17657235 -0.20145701 -0.13203411 -0.032215904 -0.010633574 -0.16204077 -0.029168213 -0.16010506 -0.23406972 -0.053372 -0.08578526 -0.0859891 0.027218012 0.0890011 0.18883112 -0.10501604 -0.117200576 -0.098194376 -0.10845535 0.2240509 0.109335616 0.00038041675 0.026068984 0.029877463 -0.17598486 -0.16653883 -0.05259356 0.26888084 -0.16898805 -0.0043856464 -0.17956391 0.06831966 -0.034842473 0.46850508 -0.0017275604 -0.08105038 -0.01792123 0.056062665 -0.12490302 -0.13933146 -0.14400016 0.044509057 -0.017608976 0.21129793 0.026966808 0.074959755 0.11969288
r -0.22853069 0.004259328 0.003902885 -0.019890284 -0.070998445 -0.12395122 0.006377431 0.093124785 -0.2340167 -0.07428111 0.003669981 -0.05632676 -0.022412937 -0.09359621 -0.02213756 0.034856945 0.06589271 0.08828469 -0.118508235 -0.18081991 -0.06973447 -0.008616681 0.37797377 0.12275278 0.097463 0.04446492 0.16530089 0.16728608 -0.15124324 -0.011817981 0.14789802 -0.2596705 0.03572501 -0.11723665 0.12803055 -0.10029278 0.23154311 0.13904051 0.082534805 -0.1256816 0.10111375 0.06520923 -0.007245358 -0.10073358 0.12666893 0.0028072123 0.09438551 0.040695604 -0.04978533 0.03733226
d -0.24642245 -0.09776485 0.11888658 -0.01813776 -0.22249445 -0.1232451 -0.041196078 0.058780994 -0.15675294 -0.13366814 0.10006472 -0.017523006 0.14751172 -0.055269707 0.034388714 -0.053630438 0.023495277 0.04100793 -0.23868392 -0.28244013 -0.16243055 0.02010707 0.31987038 -0.060958102 0.13053669 -0.0060843164 -0.09869815 -0.051690046 -0.1278283 0.12898864 0.04929342 -0.08070571 0.24881409 -0.03697139 -0.13087323 -0.0014288474 0.2850159 0.04127867 0.007998623 0.017192226 0.027072055 0.05525686 -0.04925178 -0.061999656 0.13674101 0.008754078 0.16435844 0.04415371 -0.03118147 -0.06063318
l -0.31547368 0.002980141 0.035670612 0.020661084 -0.005396377 -0.2664635 -0.091884434 0.06793422 -0.22804293 -0.29096517 0.07260658 -0.13669255 -0.025932593 -0.09516551 0.08207761 -0.033297416 0.10334778 0.017734751 -0.17628227 -0.16640583 -0.115003206 0.10115419 0.23631117 0.17341298 0.041579418 0.003950222 -0.047990076 0.08810023 -0.11006375 0.042870574 0.22035635 -0.108206935 -0.043108143 -0.2087362 0.02486496 0.010433697 0.18891406 0.100275114 -0.12345347 0.08826761 -0.0591271 0.052882336 -0.044613305 0.09766662 0.0794405 0.088484295 0.09672097 0.07433984 0.020194704 0.072195165
u -0.33996028 0.22636348 0.018793771 -0.111959495 -0.07884878 -0.29721314 0.00017913699 -0.08257369 -0.22328019 -0.08651631 0.036864437 0.034192767 0.017542172 -0.05413137 0.06834667 0.060058028 0.19357413 -0.13304053 -0.2669713 -0.034308933 0.08209803 0.000983576 0.38650963 -0.03111664 -0.13655837 -0.006918533 0.092333876 -0.03774116 -0.0074814404 0.11400475 0.120429404 -0.13826787 0.044646394 -0.05657732 -0.015561538 -0.18969268 -0.019281091 -0.016398054 -0.1829433 0.04161599 0.10271664 0.0058023487 0.018009132 -0.111049905 0.21653377 -0.23016593 0.1263559 -0.22146861 0.061499827 0.19176084
m -0.17526129 0.13170092 -0.03254971 0.1356118 -0.108335085 -0.24786246 0.02351232 0.03655527 -0.16522908 -0.13344617 0.021231323 0.077140495 -0.01184238 -0.08270413 -0.020354385 0.032413818 -0.08228501 -0.04153968 -0.19301464 -0.29206327 0.002513329 0.049008943 0.3845886 0.16897778 -0.025870897 -0.027552519 -0.016634926 0.07369007 -0.150234 -0.02456583 0.00292271 -0.12700671 0.2607896 -0.114417285 -0.02788714 -0.12694296 0.24750055 0.06174774 -0.008711106 0.004361627 -0.072861016 0.04016632 -0.087976724 -0.050883375 0.07764588 -0.07917995 0.19823268 0.07697528 0.042835794 0.015767962
c -0.32360876 -0.013413777 0.03768809 0.031238573 -0.15238978 -0.14195265 0.023484357 -0.122204885 -0.19625328 0.011218545 0.064495236 -0.05724329 0.04555821 -0.017355623 0.131226 0.028504848 -0.010325909 0.10417166 -0.2476307 -0.09667187 -0.055233713 0.02739694 0.26497647 0.042835932 0.17249513 -0.06797468 -0.009411544 0.096211985 -0.17466123 0.19780092 0.12257851 -0.19460905 0.0021750727 0.050419915 0.0062247906 -0.20725432 0.15368646 -4.570261e-05 -0.061427724 0.043086946 -0.038120385 0.06566925 -0.11202719 -0.18209748 0.20694542 -0.0636761 0.09014225 0.17810151 0.056156974 -0.009674203
f -0.029465938 0.11070496 0.02932212 0.01608836 -0.11070831 -0.19968271 -0.079049416 0.034377877 -0.31344062 0.0032805589 -0.036169983 -0.035128597 -0.07941444 -0.042143192 -0.017591141 0.09141479 -0.023565408 -0.07664076 -0.28136545 -0.07553607 -0.12097386 0.034849178 0.2572557 -0.040798657 0.09781058 -0.0251902 0.03925781 -0.0028694677 -0.23202156 0.09521865 0.2250851 -0.17787735 0.12520638 0.039729472 -0.026260097 -0.20357172 0.27996263 0.07014796 -0.082888834 -0.02695679 -0.05927007 -0.033383746 0.0227978 -0.17563595 0.12468982 -0.03125694 0.24127413 0.029877942 0.20754817 -0.09675923
w -0.17419368 0.07460948 0.18373258 -0.0628711 -0.20747408 -0.18612866 0.10693291 -0.0586362 -0.03617966 0.050329596 0.045155734 -0.2561456 -0.062756695 -0.11295959 0.14661655 -0.07656559 0.020412285 -0.033674195 -0.1837889 -0.18365355 -0.048544418 -0.03782407 0.29598528 -0.06395644 0.08292835 -0.20384163 -0.03683835 0.017882861 -0.063112706 0.18899255 0.15729564 -0.23292379 0.10798217 -0.14893614 0.06745441 -0.19679561 0.28254986 0.16448486 -0.16383328 0.082608335 -0.08222885 -0.008123948 -0.060852297 -0.15991968 0.059487343 0.030627528 0.09723723 0.11587171 0.21058582 0.25608364
y -0.5280591 0.0525594 -0.082886174 -0.13087441 -0.08142719 -0.06882373 0.035340574 0.0835214 -0.31982 -0.095733404 -0.083857656 -0.03544946 0.15856616 -0.15609255 0.1545575 -0.009722046 0.06946678 0.013883448 -0.21388492 -0.19920556 -0.066795796 0.0788633 0.08036643 0.08750153 0.003490813 0.05574795 -0.025973067 0.055684414 -0.032626476 0.14422415 0.09827509 -0.1652439 0.0008730963 0.090214886 -0.07929206 -0.1477302 0.21897939 -0.0444167 0.04348402 -0.05958004 0.15438093 0.052775823 0.012757631 -0.01856058 0.20370513 -0.065174475 0.08334914 0.031249259 0.19675274 -0.06263213
g -0.13731676 -0.1333502 -0.04819877 0.13387649 -0.32479122 -0.09663692 0.04141654 -0.14999652 -0.28347963 -0.17427805 0.14928721 -0.094206996 0.15770446 0.1515841 0.055731487 0.011541771 0.02825438 -0.058323447 -0.28655016 -0.153468 -0.18086371 0.07532842 0.13410456 0.0626795 0.080237195 -0.07467173 -0.022117458 0.06275184 -0.041752998 0.058866672 0.26662615 -0.1687045 0.2134463 0.025133269 -0.11238438 -0.119209856 0.16923344 0.06922818 -0.040393956 0.06255839 0.047280606 0.07420751 -0.23608765 -0.09027949 -0.017830478 -0.15449774 0.2235269 0.18677746 0.06976122 0.18708485
p -0.119550094 0.035692647 0.035147153 0.09580065 0.0069487058 -0.23816866 -0.0026460914 -0.052177887 -0.105192564 -0.124977924 0.08835724 0.044949077 -0.02321996 0.02953643 0.032489326 0.12761079 -0.04402144 0.07942683 -0.29400685 -0.16083731 -0.03216602 0.035207495 0.3086524 -0.09894507 0.15917154 -0.06303679 -0.040275473 0.008936309 -0.24535686 0.12137436 0.18614699 -0.17157741 -0.13408624 0.00421996 0.023154382 -0.20794454 0.31569546 -0.06012379 -0.17265034 -0.1868682 0.0125366235 0.053388257 -0.16862771 -0.19089438 0.14887553 0.0027976092 0.12210659 0.13288085 0.07077992 -0.079477265
, -0.27015415 0.002323175 0.34683418 -0.1073095 -0.20079952 -0.18654685 0.07436706 0.07586372 -0.1975996 -0.16905755 0.11858068 -0.13073483 -0.006291109 -0.12721491 0.03777304 -0.038014717 0.09765609 0.29791915 -0.14724985 -0.1755972 -0.13631137 0.08726531 0.20758529 -0.060572796 0.16855027 0.11844623 -0.006960163 -0.0876972 -0.22024056 0.019718284 0.048276585 -0.09738837 0.26218572 -0.06605515 0.23411289 0.04163406 0.049302388 -0.10954579 -0.23534118 -0.0170694 0.05714116 -0.20851725 -0.13806365 0.068912804 0.13480373 -0.23169887 -0.021956975 0.071653284 0.14724085 0.210522
b -0.18947381 -0.0020418265 0.21697997 0.0016651714 -0.11006836 -0.15006314 -0.022071812 0.082047135 -0.2734591 -0.13056295 -0.01057566 -0.26148406 0.053522788 -0.026463605 -0.07103869 -0.13841054 -0.041851908 -0.058158033 -0.19144814 -0.07238866 0.14628464 0.09904898 0.25100014 0.19057748 0.08145704 -0.08297632 0.017140113 -0.08697153 -0.20089434 0.2693426 0.21663408 -0.19371037 0.028057879 0.009559412 0.005520394 -0.10524126 0.2894766 0.11236456 -0.105097756 -0.015943484 -0.10828598 0.09511701 -0.16281168 -0.19476536 0.021564603 -0.07750462 0.050335493 -0.04195211 0.1151553 -0.0708516
v -0.17023171 0.13733084 0.18985398 -0.006258388 -0.017380115 -0.017676333 -0.18717998 0.021756144 -0.023966681 -0.010981515 0.036843237 -0.0675076 0.2538466 -0.022291211 0.06914581 -0.22345953 -0.020314142 -0.058599077 -0.33781964 -0.337664 -0.09122816 -0.0056961556 0.44258875 0.059151668 0.0071772146 0.03347468 -0.06787069 -0.07595713 -0.07122094 -0.0012344297 0.14970592 -0.20945118 0.11184926 -0.13014115 -0.07564429 -0.08560282 0.19953689 0.11011879 -0.21829996 -0.07168414 -0.09342256 0.08950295 -0.17690681 -0.072129086 0.06787534 0.051921107 0.211746 -0.055108372 0.09397147 0.03191837
. -0.07709603 0.13837217 -0.21366298 0.13841265 0.09022068 -0.13726221 -0.07213234 0.24658708 -0.22316527 0.024498032 -0.22014147 -0.2546682 0.2965259 0.06576574 -0.047842804 0.18608052 0.20318006 0.30284086 -0.5111561 -0.052244954 0.02353746 0.43971622 0.34005538 0.0072666057 0.24165191 0.11158722 0.08238634 0.22727488 -0.33612567 -0.3140424 0.24079254 0.2096084 0.19446638 0.22465716 0.09218868 -0.013386703 -0.11605056 -0.29264948 0.14981617 -0.019809742 -0.037362203 -0.07969734 -0.15293957 0.0466606 0.5214724 -0.03401714 -0.15201148 0.06652178 0.18307033 0.291097
I -0.16273315 -0.035201807 0.26108736 -0.06829243 -0.053632542 -0.30412176 0.11593909 0.20734777 -0.08967667 -0.35482457 -0.08950442 -0.06673355 0.027697042 -0.27356952 0.013954731 -0.11024578 0.10362659 0.15442824 0.06887494 -0.056109037 -0.21903443 0.004743288 0.16795328 0.25331295 0.11717764 -0.023990516 -0.07339619 -0.18919371 -0.07310165 0.33601737 0.013580444 -0.22416843 0.11029061 -0.049725793 0.02685232 -0.15044878 0.40972212 -0.06242005 -0.01118342 0.14072888 0.10885128 0.14085667 -0.053084616 0.11535702 0.24468444 -0.4997555 0.27000606 0.06250873 0.057091 0.18184754
k -0.113126956 -0.046848852 -0.0020634062 0.06477303 -0.20939745 -0.2528712 0.17057404 0.22786087 -0.039928857 -0.055957053 -0.13082333 -0.11664164 0.19417413 -0.20774436 0.045619424 -0.03098165 0.16120522 0.016805356 -0.15794277 -0.16585729 -0.07563919 -0.14223316 0.2826221 -0.06504825 -0.053555854 0.001723766 -0.0071454803 -0.013884793 -0.008068038 0.07809149 0.11377975 -0.401195 0.16357689 -0.1995872 -0.104175024 -0.003655883 0.07165378 0.019218894 -0.2865935 0.015544009 0.103194915 -0.09562582 -0.043826412 -0.09310739 0.45192552 0.18995841 0.25318453 -0.0024665352 0.0828651 0.10078641
; -0.4126515 0.13223144 0.4219201 0.02381448 -0.20981006 -0.23396038 -0.07271721 0.15118068 -0.4649982 0.0028303056 0.030200597 -0.07000858 -0.045822795 -0.09127638 0.19369267 -0.118782856 -0.055380482 0.15939133 -0.201323 -0.06454542 -0.20869246 0.041473232 0.17072427 -0.11867981 0.18757111 0.1341913 0.16469343 -0.3440347 -0.08672276 0.02721621 0.019103765 -0.022434704 0.5012552 -0.022971155 0.486543 -0.060993332 -0.0005842825 -0.13397451 -0.28608328 -0.07810325 -0.15697512 -0.15777923 -0.23542462 0.041260395 0.20339888 -0.17745714 -0.1049329 0.2854884 0.18974127 -0.023805898
T -0.010508729 0.20384018 0.21358079 -0.017374486 -0.13421632 -0.17126141 -0.075571775 0.3592881 -0.12790254 0.073354244 -0.4099791 -0.15650408 0.094544135 0.4823228 0.11312845 0.21282735 -0.18023735 0.22812605 -0.3335433 -0.56475765 -0.4495151 -0.18543613 0.3110508 -0.0038762037 0.46874362 0.02488033 -0.14426084 0.012728273 -0.43752244 0.2994623 0.11398605 0.013521197 -0.013241438 0.04661255 0.13821098 -0.045502238 -0.1060147 -0.0146261975 -0.053143077 0.17679116 0.16962627 -0.017509734 0.18042941 0.031409685 -0.027169783 -0.20594096 -0.20328458 -0.048857663 -0.0032579699 0.51691604
" -0.12975231 0.22185022 -0.03466012 -0.11848878 0.24678116 0.12784955 0.6598798 0.27281943 0.30092317 -0.34048933 -0.033940144 -0.47528303 0.18163963 -0.15838905 -0.16780442 0.5534514 0.43194768 0.21098858 -0.19968449 -1.035243 0.075868025 0.25098422 0.35375142 0.37938637 -0.044614453 0.34496844 -0.43829653 -0.025303451 0.14890558 0.124248125 -0.07396922 0.10752997 -0.064643726 -0.23000772 -0.2160906 -0.6300053 0.21184002 0.0015084373 0.022234883 0.20740718 0.3771554 0.096402 0.14881082 0.018627811 -0.0012257142 0.072776966 0.15784001 -0.25450066 -0.11190489 0.24742627
x -0.08516058 0.065194026 -0.09013482 -0.12507795 0.19352405 -0.012199579 -0.20615555 -0.05621528 -0.019813268 -0.07271842 0.10386945 0.24863902 -0.011827809 0.1352662 0.088957444 -0.029968714 0.23681879 0.08711309 -0.28767705 -0.61431575 -0.021021703 0.03359555 0.26126477 0.1560651 0.06486533 0.33292443 0.19452454 0.30522344 -0.17266825 0.026142797 0.02748541 -0.13945273 -0.1633548 -0.17764437 0.30369887 0.031643882 0.1740502 0.124717474 -0.27813125 -0.27959108 0.14917792 0.21889755 -0.27983057 -0.39363578 0.16412711 -0.26965362 0.22814302 0.23227763 0.29534084 -0.034441385
' 0.18273035 0.052130375 0.105631605 0.2587711 -0.25005314 -0.56627023 0.4284042 0.11668267 -0.41868636 0.04797828 -0.26068127 -0.5624253 0.049509525 0.3657673 0.02769674 0.0986415 0.31008628 0.10265729 -0.07440902 -0.55994964 0.18225127 0.1368183 0.23579273 -0.1380539 -0.13225383 0.11820263 -0.02972595 0.10246678 0.17719181 -0.106914446 -0.11263516 -0.070390075 -0.15620928 -0.010370812 -0.24523313 -0.15115738 0.27711987 0.16533698 -0.16686499 0.0043885834 0.5549465 0.043994386 0.022361483 0.34556332 0.3641858 -0.10667128 -0.06962548 -0.18535295 0.20303896 0.11777709
A -0.09062426 0.098151006 0.13069795 0.15306607 -0.08518658 -0.04454119 0.29596382 0.26121864 0.008296998 -0.14413568 -0.035158873 -0.1495467 -0.0619902 0.09312488 -0.1441179 0.14864276 0.3994294 0.17918886 -0.26112682 -0.39065003 -0.2241242 0.35943672 0.1409442 -0.15021664 0.10916977 0.14625195 -0.17976923 0.14752808 0.049320143 0.028986804 0.2687031 -0.044931803 0.34351826 -0.08516105 -0.009317819 -0.09260196 0.29259092 -0.19588108 -0.03474419 -0.043347467 0.4240862 0.011473446 0.14840503 -0.016196012 0.018868467 0.026560105 -0.07356386 -0.31185937 0.28253067 0.29090023
q -0.118058085 -0.1803562 -0.12271679 0.055655967 -0.16807461 -0.01968214 0.04378925 -0.1877629 -0.2939205 -0.3145366 0.1550486 -0.19013692 0.22874856 0.2253722 -0.0645719 -0.0052332473 0.13429329 0.003243624 -0.4551618 -0.2243287 0.25900337 0.15735893 -0.14010957 0.31178886 0.31570253 -0.06941294 0.45604762 -0.11688628 -0.2690963 0.3683049 0.326908 -0.096809775 0.082956254 -0.27357745 -0.03318893 -0.13887796 0.48922896 0.17922151 -0.26487896 0.07179515 -0.13765794 -0.041413233 -0.4096649 0.113258705 0.014777785 0.07291754 -0.19258858 0.036834713 0.11636689 -0.21043855
H -0.2221965 0.16792546 0.098543234 -5.984319e-05 0.26537794 -0.055234 0.04458667 0.36043784 -0.0067104977 0.025114154 -0.30055714 -0.5206279 0.2564197 0.15010136 -0.20522156 -0.013262623 -0.058770128 0.24464497 -0.17402555 -0.28229347 -0.2857826 0.26858625 0.25865337 -0.05386782 0.24401127 0.24962302 -0.06835543 0.11079197 -0.33700132 -0.17556302 0.19491224 -0.22110915 -0.14064291 0.07907584 -0.028043687 0.03040124 0.3451666 0.14697416 -0.07382664 0.11132017 0.51411957 0.05493862 -0.008144356 0.19659546 0.18861292 -0.0032063907 0.010959908 -0.093880154 -0.1171611 0.33230555
W -0.028002022 -0.023189051 0.20383996 0.38774094 0.003945126 -0.12163857 0.4134449 0.23480777 -0.23260017 0.11886837 -0.26607952 -0.36970872 0.17087261 0.08293408 0.20251127 0.0768375 0.24628112 -0.009555133 -0.29608196 -0.7460827 -0.20404068 0.08634432 0.09955935 0.062382266 0.18524164 0.17082271 -0.15643783 -0.15409204 0.073204055 0.11317659 0.10763158 0.03194569 0.215201 -0.023906155 -0.0823352 -0.05024635 0.23702647 -0.15610604 -0.051939327 0.060391746 0.16777039 0.26241812 0.09270697 0.018208701 -0.11286021 -0.21295668 -0.053711858 -0.13279429 0.16303904 0.45982015
S 0.06362976 0.19461225 -0.012949825 0.0549216 -0.1004964 -0.099364065 0.12570404 0.22567077 -0.098164305 -0.057127766 -0.2750547 -0.363102 0.037440408 0.1331064 -0.27864683 0.12500599 0.2811021 0.071472414 -0.3346857 -0.4126836 -0.20122144 0.34060338 0.3305419 0.20738858 -0.07944901 0.36210224 -0.12134618 0.3592139 0.062032707 0.10199389 0.24089561 -0.14379504 0.0685482 -0.07633749 0.03816689 -0.13401182 0.15177773 0.029945973 -0.038381517 0.17845401 0.54447657 -0.036576826 0.13325389 0.09830983 -0.020078238 -0.22886293 -0.24071272 -0.2079858 -0.092259765 0.07456823
M -0.023900643 -0.072089866 -0.18046303 0.12680699 -0.21594879 -0.43140125 0.2512659 0.25591078 -0.0018157791 -0.38059422 -0.06433481 -0.43425655 0.30036095 0.03842064 -0.70491606 0.2245071 0.011275029 -0.12558062 -0.18274286 -0.5990502 0.008370891 0.5258011 0.33053014 0.25372997 -0.18809468 0.05923593 -0.29035515 0.39217088 -0.23412731 -0.12889944 0.18166701 0.03391343 -0.10967174 0.1318859 -0.21789618 -0.29256147 0.020475337 -0.11866863 0.008137825 0.023515932 0.24293613 0.033283137 0.08240823 0.036540475 -0.033020996 -0.13499112 -0.3338873 -0.21247762 0.06309475 0.122434214
j -0.15442471 0.055828936 -0.028345989 -0.1212457 -0.28784853 -0.2500469 -0.040459298 0.013041206 -0.07705989 -0.11085171 0.09285781 -0.018193366 0.2914211 0.064017564 0.06537721 0.15080278 -0.08284896 0.021986317 -0.44320825 -0.12628607 0.23289765 -0.0753653 0.2324103 0.17506844 -0.019397367 -0.0011757255 0.36364478 -0.057664882 -0.21103826 0.18288974 -0.034721244 -0.27615833 0.16178994 -0.3098714 0.10978176 -0.32411718 0.18296786 0.23494282 0.09021843 -0.23851202 -0.13373688 0.005034291 -0.22339736 0.40069023 0.22849537 -0.1169862 0.2547133 -0.17674983 0.11476015 -0.22125615
B 0.12201652 -0.2049145 -0.078048296 0.082655445 -0.4181887 -0.10215985 0.2405151 0.3597406 -0.15703999 -0.2723742 -0.2155579 -0.44973665 0.1930451 -0.012320845 -0.29027447 0.44519186 0.12344224 0.03727315 -0.34636655 -0.4820464 0.052303344 0.2843613 0.054410152 0.18619995 0.13251247 0.2504265 0.19484441 -0.015533008 -0.10160869 0.11818908 0.23973703 -0.054313015 0.2340264 -0.18337734 0.03747677 -0.2697141 0.29033566 0.07369335 -0.091210246 0.010553604 0.23198144 -0.20071067 0.08680586 0.28181443 -0.11169212 0.07472437 -0.268788 -0.6327872 0.2662324 0.025313955
z -0.2822475 -0.22888836 -0.034697413 -0.1819249 -0.3764845 -0.211308 -0.28918839 0.39410648 -0.1537567 -0.69518864 0.12041727 -0.4480908 0.5573123 0.1321502 -0.1300253 0.25502032 0.112463534 -0.14626092 -0.47046152 -0.13495417 -0.22685446 0.3234211 0.050193205 -0.01437791 -0.16708954 0.088894315 0.084971085 0.3505309 -0.019657468 -0.19619066 -0.09970435 -0.31090847 0.029365243 0.09533499 -0.15172744 0.029721234 0.24211924 -0.29346374 -0.33769718 -0.1873766 -0.083698876 0.33782318 0.31303144 -0.058178917 -0.43851846 0.06213653 0.034411494 0.13842173 0.05781164 0.32182997
O 0.0016092403 0.13354012 -0.0052024256 0.01242581 -0.25287372 0.12899993 -0.04173849 0.17840359 -0.15490872 -0.18800409 -0.41780433 -0.26512206 -0.05551099 0.14705302 -0.03996354 0.23664768 0.10207282 0.04543251 -0.03349316 -0.5581434 0.16922614 0.2007575 0.32096437 0.08223145 0.06648601 0.48598042 -0.2807942 0.30403748 0.03979793 0.015210642 -0.04681069 -0.085930526 0.32318252 -0.1393922 -0.15386844 -0.0136808 0.030581936 0.28595555 -0.20854846 -0.03106758 0.6171645 -0.3922258 -0.22299312 0.1454355 0.16393077 -0.5432998 -0.06452677 -0.33589286 0.275069 0.47873524
E -0.27626473 0.021130309 -0.08904266 -0.14426588 -0.017844817 -0.017136402 0.14428204 0.29467884 -0.08591001 -0.34094867 -0.022541426 -0.5587481 -0.012170196 -0.18390164 -0.14964579 0.21137302 0.32063112 -0.37848437 -0.055468135 -0.63778394 0.28830382 0.67973393 0.41651738 -0.2855612 -0.25632036 0.48219228 -0.2003462 0.437193 -0.121361375 -0.15984763 -0.02564865 -0.25941727 0.040538494 0.12759623 -0.4458734 0.44767186 0.14900339 0.17854263 -0.022390734 0.16946901 0.5580353 -0.17391264 -0.18560201 -0.069198206 -0.08782431 -0.30136716 -0.4012495 0.12446407 0.008049259 0.42147163
C 0.17763442 0.13362876 -0.12744176 0.12702905 0.12658684 -0.037630707 0.3513314 0.33156174 -0.27033445 -0.14326674 -0.09899015 -0.23060937 0.1472453 -0.16704252 -0.34280145 0.24649884 0.276166 0.056270845 -0.35294047 -0.47396836 -0.11787454 0.35985225 0.32234883 0.020902086 0.009042472 0.11631573 -0.21590504 0.4098077 -0.19353528 0.12212821 0.14644854 -0.27670315 0.04649779 0.085462585 -0.3223402 -0.00036187927 0.2899074 0.12547147 0.06778567 0.20848206 0.5378452 -0.18513696 0.14803769 0.14577441 0.015654635 -0.0023097345 -0.32220298 -0.11535647 -0.14690267 0.03814585
P 0.050727967 0.24971597 -0.057804786 0.0100485375 -0.020883141 -0.08101748 0.11134635 -0.003456567 0.16800709 -0.18083322 -0.07257055 -0.0046304767 0.0979031 -0.053566895 -0.4405336 0.043727845 0.11093127 0.22683609 -0.34541088 -0.33951652 -0.24178639 0.49893987 0.30871803 0.10214613 -0.04635768 0.14903048 -0.22614703 0.319302 -0.14244832 0.12089067 0.14734578 -0.41514212 -0.11102434 0.055877153 -0.29841498 -0.19731656 0.45572248 -0.013822959 -0.07962841 0.485351 0.4045638 -0.023397066 -0.08210983 0.07805932 0.07646941 -0.10901456 -0.31096116 -0.33603427 0.047851037 0.047731284
? 0.21547538 0.39790836 0.45617625 0.13501275 0.03820765 -0.1978155 0.18606292 0.51401013 -0.16630533 -0.24567176 -0.047446687 -0.5337913 0.37840316 0.12144472 0.28073037 0.38119963 0.3147209 0.4401625 -0.47030696 -0.48110166 0.12722681 0.13324149 0.16407162 0.0128178205 0.23259792 0.29950252 -0.0948943 -0.18923314 -0.21039835 -0.12615962 -0.31945646 0.31324214 0.19335216 -0.19233912 0.061850794 -0.042567316 0.17557131 -0.1964791 0.08446302 0.17299573 -0.19749825 0.034893714 -0.34091958 0.29241562 0.18389167 -0.5208358 0.016171852 -0.17297737 -0.08546372 0.67787254
D 0.19109173 0.06586701 -0.039343577 0.11546532 -0.12070697 -0.21751148 0.34398532 0.24946958 0.0366116 -0.2438166 -0.15233073 -0.119475715 0.16178003 0.029228425 -0.3298642 0.28279993 0.19897142 0.14690052 -0.17539498 -0.68832314 0.10950969 0.512326 0.17411155 0.16232443 0.029015677 0.3483051 -0.19886369 0.39403468 -0.14412802 0.14458074 -0.19707097 -0.075523645 0.015369647 -0.07452233 -0.38141346 -0.18111946 0.3656395 0.107872285 0.10803076 0.23107836 0.50673664 -0.101960346 -0.060678903 0.31118587 0.48721486 -0.22713596 -0.14307138 -0.37084693 0.25372627 0.06430046
L 0.23303835 0.18842195 0.07381684 -0.13190798 -0.15468684 -0.0130692385 0.054969322 0.16547498 -0.1308249 -0.17783228 -0.12521683 -0.47276264 0.14734924 0.002808557 -0.30764785 0.004106985 0.4035568 0.3707423 -0.18162921 -0.4709618 -0.053484544 0.5836998 0.28623155 0.091772206 -0.04116051 0.33386865 -0.22823042 0.59721226 0.09229824 -0.21976574 -0.08779938 -0.15937585 0.028223645 0.13383639 -0.14051129 -0.30317268 0.3020649 0.09166088 -0.25556794 0.24077074 0.54166824 -0.12073857 0.19308935 0.19958992 0.21120423 -0.13655405 -0.026518527 -0.18342637 0.19823308 0.046051014
N 0.109652065 0.272911 0.14526357 0.1203138 0.10638714 0.048631556 0.07674124 0.30867085 0.0370416 -0.16346487 -0.28134847 -0.41290557 -0.113545 0.07182409 -0.14379244 0.31765202 0.16373415 0.099137984 -0.057170637 -0.4646816 -0.18535638 0.33347505 0.36014023 0.051180497 0.22731228 0.45674184 -0.32219473 0.10841684 -0.094562 0.09584793 0.07624268 -0.21880178 0.1987301 -0.010694075 -0.22963129 -0.1331194 0.14934775 0.34247965 -0.14121804 0.17943762 0.51348346 -0.18963768 0.16623905 0.2692812 0.14317943 -0.15044259 0.32935688 -0.19886284 0.15825866 0.1697763
F 0.025569048 0.34919408 -0.045003682 0.023132095 -0.010558421 -0.17416102 0.15337642 0.15870933 -0.069276564 -0.24027956 -0.07938862 0.09179913 -0.022396004 -0.16871713 -0.32163805 0.21122915 0.2292199 0.14864163 -0.27062157 -0.7022159 -0.16230348 0.52088475 0.13746315 -0.05644424 0.2173035 0.21729325 -0.33409896 0.05092785 -0.20380269 0.16861042 0.16677162 0.01906559 0.10748182 0.34395435 -0.04664894 -0.1184822 0.08285988 -0.055819295 0.05110478 0.13206212 0.16664366 -0.11967999 0.13305786 0.0007510007 -0.115772955 -0.22726817 -0.10968004 0.076588884 0.5120372 0.023116691
R 0.06531405 0.4703814 0.37723547 0.042023506 0.04396014 0.0765837 0.2912558 0.55370617 -0.13445432 -0.34906358 0.15880358 -0.3033277 0.040387504 -0.005813448 -0.5568772 0.007970506 -0.04711813 0.12890051 -0.049343996 -0.42542428 -0.017937165 0.64165777 0.4815546 0.24032532 -0.37691236 0.40628824 -0.19690391 0.60097444 -0.055155292 -0.27483535 0.011359485 -0.54082376 0.2760225 0.2457921 -0.027136503 -0.3373435 -0.09081623 0.14157324 0.104536414 0.124603994 0.5146153 -0.15997392 -0.049449194 0.27843392 -0.013493407 -0.23789103 0.14715557 -0.36224952 0.15228035 -0.17883916
G 0.15165754 0.27736762 0.2805808 0.29254177 -0.010970499 -0.09482332 0.26586202 0.11216555 -0.1740492 -0.108281486 -0.019580744 -0.26265317 0.14312498 -0.13864131 -0.38351017 0.11852929 0.19146635 0.2395322 -0.18938613 -0.41572678 -0.15853427 0.41246822 0.22527461 -0.0077706645 0.112760544 0.10529205 -0.38750055 0.18646263 -0.08957638 -0.06436954 -0.14424741 -0.23467238 0.09308563 -0.00017818663 -0.43285415 -0.042965215 0.46296197 0.23604888 -0.12806527 0.3393482 0.39355868 -0.0020354933 0.13654907 -0.0130418 0.0888438 -0.05109467 -0.02435041 -0.37782615 0.17985389 0.42756405
Y -0.09599738 0.18812717 0.2603145 0.024225239 0.16350202 0.17836995 0.07468013 0.38652527 0.0018577027 -0.05503282 -0.35569248 -0.3780109 0.041587725 -0.018171579 0.03483645 0.3958372 0.09674757 0.10933462 -0.06739486 -0.5291592 0.036253735 0.33092228 -0.09261238 0.05337715 0.59406203 0.36385748 -0.1842137 -0.022672925 -0.28159526 0.62343013 -0.06735548 0.051135123 0.20202903 -0.11685199 -0.24160728 -0.6180275 0.63251746 0.40035608 -0.078696325 0.28900793 0.3214382 -0.15221088 -0.14456528 0.47545007 0.36738214 -0.5518513 0.024315784 -0.30705386 0.04871378 0.082747735
: -0.3227872 0.31728572 0.20799784 -0.14062102 0.14040557 -0.078740336 0.18138112 0.32407612 -0.13014708 -0.21680537 -0.029726012 -0.40526333 -0.010705686 -0.17043349 0.12570798 0.2591524 0.16839285 0.38044092 -0.08473826 -0.4096412 0.1470832 0.098832235 0.18648976 -0.078893416 0.19071218 0.1440704 -0.24527839 -0.2175706 -0.2855312 -0.019965786 -0.1255073 0.17157584 0.21099189 -0.06527805 0.251409 -0.17712198 0.14286432 0.023836372 -0.34811684 0.14980096 0.03315353 -0.28180704 -0.28142238 0.09146494 0.004981212 -0.32600006 0.032365765 -0.03457373 0.13475974 0.41214767
J 0.30270573 0.075678915 -0.280755 0.096093886 -0.20400544 -0.120228015 0.274172 0.1495699 -0.1819778 -0.34121394 -0.16218859 -0.28164804 0.21242553 0.111384265 -0.37622744 0.28659114 0.2976327 -0.060080897 -0.39135948 -0.48340484 0.098760545 0.44146058 0.2722912 0.17948855 0.0033495927 0.19400638 0.0003746688 0.41999078 0.088131614 0.19072151 0.045426562 -0.13172166 0.20912902 -0.076483496 -0.28407353 -0.10656455 0.3162891 0.10649419 0.024922853 0.1657893 0.6178958 -0.2025021 0.20024818 0.11323927 0.16173847 -0.09258961 -0.40097252 0.05633435 -0.010974177 0.10288177
U 0.023235852 0.29935613 -0.017069023 0.12941688 -0.04121212 -0.12321006 0.32664886 0.08287621 0.21394733 -0.103256196 0.007352428 -0.3693017 -0.0848456 0.11678668 -0.33128574 0.39362645 0.27782273 0.21453142 -0.1828309 -0.5230332 0.12598136 0.65581965 0.43752047 -0.09154857 -0.0546896 0.37228018 -0.33305898 0.51832795 -0.014267287 -0.18044926 -0.07942207 -0.1080505 0.069308795 -0.05484495 -0.22831829 -0.21633492 0.0574626 0.29423076 -0.093711495 0.2848242 0.6351261 -0.31249285 -0.109374516 0.17053068 0.4089623 -0.0799394 -0.12745722 -0.26116705 0.1429439 0.26682547
K 0.01897934 -0.1984771 -0.1460132 0.12684627 -0.25073755 -0.28933096 0.22520497 0.4204196 -0.12862775 -0.2045226 -0.113712266 -0.7013314 0.2542915 -0.055507 -0.31632712 0.34211522 0.24757001 0.13465936 -0.23453343 -0.19877231 0.15268505 0.3804964 0.2882069 -0.16811527 -0.07695415 0.016108287 -0.077105135 0.40904734 -0.107712075 -0.25681096 -0.13984725 -0.20001297 0.05849658 0.075622596 -0.22960332 0.13899092 0.2823248 -0.10187701 -0.19727062 0.03565585 0.26119366 -0.18841663 0.016679032 -0.23291454 0.11096462 0.20465419 -0.1738307 -0.045079798 0.16189264 0.42704654
V -0.0722633 0.0938773 -0.048614774 -0.06266656 0.00931961 -0.010835756 0.1711204 0.33287707 -0.009540242 -0.36098287 0.0410266 -0.33409998 0.3939574 -0.07611223 -0.39693987 0.33266255 0.19074573 0.09747253 -0.4092521 -0.66268 -0.17773393 0.61467576 0.12549719 -0.009315309 -0.13466442 0.33148924 -0.29666474 0.2166276 -0.019975489 -0.06329947 -0.05355214 -0.13073775 0.045043893 0.08230586 -0.29327857 -0.24572964 0.3481992 0.050841797 -0.14611028 0.28176722 0.3689558 -0.021385556 0.035869945 0.40028813 0.008178455 0.10960317 -0.100294344 -0.2481692 0.13090439 -0.1555293
Z -0.12524402 0.0868591 0.11253869 0.08508225 -0.15708598 -0.2699524 0.17470427 0.26128012 -0.25519726 -0.07368912 -0.10585869 -0.30915582 0.12749076 0.11373915 -0.167366 0.11956459 0.24234849 0.13747703 -0.15582357 -0.2454901 -0.055315893 0.23754026 0.21885175 -0.04200018 -0.015485802 0.1923476 -0.016945714 0.26121923 -0.029755168 -0.04256347 -0.09945621 -0.19348392 0.14875828 -0.019941874 -0.19715072 -0.015478056 0.17903574 0.019321382 -0.14545006 0.054994695 0.38876438 -0.049820423 0.048576992 0.18907435 0.25262648 -0.14988492 -0.052584786 -0.20837064 0.090811335 0.20322496
é 0.26021978 0.09668693 -0.06197863 0.1488968 -0.06501381 -0.16361822 0.31631958 0.29857233 -0.098201536 0.0035434442 -0.27575967 -0.2994952 0.15442547 0.23757464 -0.31294513 0.25219256 0.45513782 0.19552036 -0.3253592 -0.67897075 0.082255006 0.47936618 0.24328598 -0.015718386 -0.05487767 0.39596242 -0.03448349 0.515091 0.02691998 -0.059933115 -0.06313108 -0.16957195 -0.098804355 -0.012955952 -0.24796887 -0.10811056 0.33650056 0.036263805 -0.044657335 0.14796934 0.7414922 -0.102548674 0.075191125 0.24375388 0.3501284 -0.1245456 -0.29810014 -0.45433477 0.19874069 0.10101659
æ -0.15918992 0.14708973 -0.09221133 -0.012480778 0.011468257 -0.12523735 0.18141589 0.096376605 -0.097645015 -0.09077393 -0.010217779 -0.087642625 0.10624277 -0.025340805 -0.014156189 0.20894605 0.26702383 0.13281189 -0.34975106 -0.36177897 0.063656844 0.1529349 0.27301255 0.021865686 0.07142785 0.08010728 0.00874497 0.17290759 -0.14494154 0.07591889 -0.0019865145 0.026331326 0.05470719 -0.09743595 -0.0959414 -0.08422114 0.22680444 -0.016951397 -0.046299476 0.07746325 0.21200585 -0.023439687 0.0084182 0.0050270525 0.25431144 -0.10441797 -0.016303802 -0.16533577 0.026572634 0.1655248
Q 0.08590443 0.08323931 0.070309065 0.04387637 -0.0007741938 -0.089226775 0.2359445 0.3206505 -0.05045338 -0.22710575 -0.12235508 -0.44066602 0.15086707 0.020856338 -0.2078967 0.2962374 0.29165545 0.27015355 -0.21154705 -0.61336875 0.06890128 0.40099385 0.17680208 0.015425122 0.16122425 0.30827528 -0.15384755 0.25769567 -0.20005287 -0.0216909 -0.12621777 -0.009260891 0.08904396 -0.08260664 -0.141529 -0.1128174 0.37243772 0.09620463 -0.13955034 0.17535718 0.40718055 -0.15108226 -0.08324042 0.24292205 0.144577 -0.2262771 -0.21034582 -0.17659019 0.094973095 0.2699268
ê -0.10242599 0.07667725 0.009899651 -0.049896836 -0.1699945 -0.110991076 0.15341957 0.31619978 -0.18384898 -0.17407371 -0.1406597 -0.45624834 0.2161011 0.007826816 -0.42380407 0.26153356 0.198007 0.16095072 -0.17095082 -0.47906122 0.035867836 0.58559436 0.3172245 0.046591975 -0.08052554 0.40617144 -0.10236625 0.42213163 -0.04634597 -0.19816412 -0.22257368 -0.17334856 0.13617179 0.18017009 -0.35203448 -0.15522729 0.20867865 -0.024239482 0.009648739 0.14738867 0.49442995 -0.13713536 0.13717559 0.21716543 0.21069194 -0.16684736 -0.13534121 -0.30985585 0.15174627 0.13147323
X -0.037333693 0.13001442 0.06684053 0.010652415 -0.03745925 -0.1392771 0.20499848 0.196156 -0.067025445 -0.21502979 -0.04049954 -0.3305344 0.022953888 0.05359627 -0.22327559 0.24446265 0.35443744 0.20429689 -0.1444288 -0.6885732 0.03271867 0.46205848 0.27157465 -0.04898971 0.010523843 0.37283477 -0.26186627 0.3796085 -0.051376954 -0.027008342 -0.07238805 -0.0646505 -0.02022534 -0.013113749 -0.16379987 -0.0522698 0.256155 0.075828046 -0.1237951 0.11614465 0.52891785 -0.14796396 -0.0079700565 0.12942073 0.11423831 -0.16607165 -0.17169166 -0.12664019 0.1335176 0.112278
ö -0.07470938 0.10232974 -0.018452162 0.036090873 -0.10597792 -0.14799617 0.20616585 0.22283807 -0.15091632 -0.08462325 -0.09898624 -0.2647972 0.14430687 -0.008989865 -0.1592723 0.19125682 0.16711454 0.2564157 -0.2885394 -0.3382239 0.038982976 0.34418398 0.25411895 0.05149411 0.09823484 0.13058692 -0.052493848 0.23320785 -0.14722392 -0.04865506 -0.04102832 -0.07828268 0.094336525 0.02693599 -0.14943823 -0.08534721 0.23448019 -0.056284565 0.03648152 0.11784663 0.27072418 -0.09761107 -0.020458028 0.052170184 0.30006784 -0.039955266 -0.12003194 -0.16819847 0.16379635 0.13567133
è -0.09212592 0.08079448 0.0034310785 0.028029209 -0.13444375 -0.19811006 0.20381425 0.25863957 -0.1682241 -0.15752676 -0.12863587 -0.30690962 0.18198214 -0.007958925 -0.24428608 0.25225192 0.2125744 0.15025163 -0.20634858 -0.4224329 0.057895083 0.41330224 0.29126218 0.039281353 -0.029692309 0.28482932 -0.08247194 0.26701993 -0.0423112 -0.061816625 -0.14996916 -0.0849034 0.16509019 0.04888355 -0.19421892 -0.17484914 0.13790001 -0.06815231 -0.0679865 0.16657965 0.39789876 -0.14366037 0.097719006 0.1936745 0.25030228 -0.17334966 -0.15495883 -0.30105984 0.10456271 0.18510589
ë -0.15159239 0.022608826 0.0027158167 0.019199342 -0.042413417 -0.15277658 0.1063657 0.09447689 -0.17672251 -0.108405255 -0.021602966 -0.1410348 0.07751797 -0.025683511 -0.043578357 0.10435535 0.1771392 0.11525781 -0.2379154 -0.2617816 0.05127823 0.14385161 0.311539 0.027069211 0.023032574 0.06991714 -0.022666343 0.124557875 -0.102124535 0.001673616 0.034515988 -0.12656634 0.047590576 -0.032610916 -0.09193714 -0.05689413 0.20408767 0.038683962 -0.0756706 0.036579054 0.14435248 -0.018687947 -0.023421172 -0.030327642 0.20358382 -0.006957554 0.116234295 -0.0702996 0.11803103 0.08958127
à -0.042220272 0.07250945 0.031377316 0.04319954 -0.105631754 -0.18706977 0.21478131 0.23987983 -0.143136 -0.18878646 -0.078346305 -0.25912127 0.14721487 0.047425874 -0.15896794 0.19999018 0.21045983 0.12812084 -0.22874688 -0.40085295 0.03393615 0.28958777 0.25339702 0.04820976 0.007946694 0.17775956 -0.045522366 0.19034444 -0.08343974 0.0206458 -0.032805797 -0.14434487 0.057961207 -0.044814352 -0.16487265 -0.08896763 0.20709847 0.037312537 -0.031649332 0.08108871 0.2989519 -0.046617165 0.015387838 0.1491888 0.21034607 -0.10158631 -0.047629002 -0.21569666 0.0978011 0.15037523
ô -0.089087926 0.12765603 -0.009125202 -0.0071427007 -0.018776614 -0.10889135 0.18745477 0.19985394 -0.09755344 -0.15113167 -0.09488242 -0.23722641 0.0681428 -0.0075564333 -0.17960113 0.15102406 0.2515986 0.18321343 -0.19648731 -0.4735863 0.038585987 0.35725957 0.27159098 0.039522268 0.060719013 0.21736291 -0.111220255 0.28386915 -0.06660185 -0.056658287 -0.03480573 -0.10665572 0.09579739 -0.0068938676 -0.14218967 -0.10448174 0.22002473 0.017038858 0.0123803355 0.09056178 0.33823326 -0.0832404 0.00013687777 0.06210178 0.21835016 -0.08529035 -0.058277413 -0.1811997 0.19229716 0.13648608
ñ -0.08877663 0.029068768 -0.071700044 -0.07762497 -0.056519203 -0.17876491 0.22187807 0.27317798 -0.08219876 -0.26066792 0.005007734 -0.41223982 0.228829 0.007083234 -0.22218823 0.30253592 0.3005746 0.19888094 -0.31995896 -0.45042378 0.09894576 0.40355912 0.2712021 0.018027233 -0.039436407 0.19970264 -0.03722048 0.27468926 -0.11954788 -0.109478764 -0.13727745 -0.096799895 0.034253675 0.01126429 -0.21840185 -0.07352798 0.23026916 -0.0534435 -0.032478195 0.064912304 0.30151412 -0.03303676 0.04088679 0.03627261 0.15751195 -0.034880202 -0.02830213 -0.12837341 0.15724456 0.2356734
ä -0.16551286 0.11413217 0.08480047 0.037878435 -0.04054481 -0.16695361 0.20871815 0.17690234 -0.17342728 -0.17985402 -0.036278613 -0.29187924 0.06568828 -0.05991 -0.123999484 0.18169296 0.19546746 0.16969796 -0.22543721 -0.35543454 0.015387818 0.27116016 0.3259343 0.0037319763 0.027755467 0.21304627 -0.14036414 0.10730921 -0.06512885 -0.016886596 -0.036183536 -0.12707943 0.12157673 -0.032095008 -0.09876149 -0.096213266 0.217831 0.09320754 -0.07342422 0.13616748 0.26714587 -0.09510415 -0.048858643 0.11339284 0.14583154 -0.040595274 0.026952099 -0.16207045 0.10097581 0.15871406
ï -0.09686943 0.07332742 0.035888974 0.046908196 -0.036589134 -0.18375012 0.09231853 0.0834065 -0.17286758 -0.09445878 0.0058387304 -0.11565888 0.06621339 -0.009012436 -0.048095338 0.06408474 0.19302823 0.18750961 -0.25767776 -0.26835424 0.033603035 0.18169641 0.33465266 0.015140986 0.060843438 0.030031601 0.0038299304 0.19675726 -0.11557065 -0.04941863 0.047683083 -0.07121449 0.004594677 -0.039966833 -0.037145644 -0.07651535 0.18331468 -0.008598946 -0.07324017 0.03974541 0.1314524 -0.006381632 -0.036236115 -0.009232835 0.23581673 -0.0067846663 0.016511746 -0.10672518 0.11874275 0.13019569
â -0.063739076 0.097909056 -0.02926149 -0.0063746725 -0.02230629 -0.16269058 0.16949132 0.19931822 -0.14818913 -0.1546313 -0.08617094 -0.27094373 0.1003625 0.0074771577 -0.17732914 0.18400244 0.27042082 0.21225204 -0.2707437 -0.40187958 0.03196881 0.3160072 0.31550768 0.010992251 0.03011494 0.17562893 -0.04169754 0.25993437 -0.13414699 -0.07345726 -0.022433104 -0.11867359 0.00016935343 0.036796656 -0.13503845 -0.054803275 0.20436685 0.0018751293 -0.054883037 0.08919108 0.31834754 -0.07097081 0.011356934 0.047220387 0.18755609 -0.04556605 -0.04584943 -0.14471638 0.1465844 0.19435291
ü -0.17739832 0.046367478 -0.056611765 -0.04241147 -0.11196112 -0.18037295 0.15556337 0.14686336 -0.2116201 -0.13063835 -0.018961018 -0.22951818 0.19278851 -0.048658926 -0.101240166 0.16240382 0.2096513 0.19057485 -0.32227513 -0.29742151 0.025499342 0.20196448 0.2747305 0.040097184 -0.033275142 0.104065076 -0.0056810747 0.16387078 -0.124577686 -0.050411068 -0.04362252 -0.132251 0.057113543 0.017545179 -0.15261456 -0.054996513 0.20404819 -0.044462852 -0.074388854 0.067931466 0.1508605 -0.012899199 0.019253958 -0.0016485094 0.21909831 -0.01667594 0.026243754 -0.08883528 0.14119245 0.10262141
Æ -0.16882774 0.070632495 -0.0058324407 -0.02477448 -0.05458009 -0.20829411 0.083862424 0.08726157 -0.16982178 -0.14349629 -0.026915157 -0.15144663 0.039569356 -0.02777984 -0.05281332 0.046089623 0.16368884 0.17524415 -0.23373571 -0.26101473 0.06552909 0.18331923 0.32916024 0.08458701 0.061582852 0.07990665 0.023611335 0.1577642 -0.1146151 -0.004713283 0.019059736 -0.1476483 0.04347381 -0.043743428 -0.0727461 -0.06690689 0.19393691 0.03656313 -0.032204494 0.027178913 0.13448331 -0.019541537 -0.0490759 -0.002821993 0.24480742 -0.040836684 0.070787 -0.0387221 0.11667667 0.08823393
Ο -0.18984917 0.036445063 0.017709892 -0.012814189 -0.090555936 -0.17943013 0.093468495 0.086029924 -0.19873373 -0.14749625 -0.021809032 -0.1539254 0.06345944 -0.031208843 -0.013925451 0.10415827 0.17589226 0.15132424 -0.27593863 -0.29636037 -0.005312828 0.15967727 0.3356775 0.057589743 0.07446234 0.10296468 -0.0312522 0.09694596 -0.13841516 0.041681647 0.07105847 -0.113024 0.08590856 -0.075396135 -0.08288185 -0.08416225 0.19098938 -0.017444927 -0.065636486 0.014212861 0.109334 -0.0029640088 -0.0629965 -0.010204151 0.22425354 -0.04340866 0.10131624 -0.057568174 0.102244444 0.10944732
ἶ -0.22556615 0.049886223 0.029803947 0.006430854 -0.118962586 -0.20722747 0.03490708 0.061765067 -0.19928259 -0.17187463 0.02269183 -0.11606773 0.04098873 -0.019264512 0.0045514256 0.08152104 0.13548543 0.08899933 -0.2531134 -0.24897917 -0.024985524 0.12726347 0.31012017 0.03574517 0.06394968 0.06010752 -0.04729152 0.062387783 -0.10319224 0.07443681 0.11472783 -0.12069233 0.05744381 -0.07268034 -0.029862292 -0.086509325 0.1978899 0.010314729 -0.07693426 -0.024546638 0.06166116 0.002026284 -0.06954563 -0.041906275 0.17524184 -0.034621228 0.11091118 0.018777197 0.07734671 0.082866445
α -0.2491918 0.054363772 0.03611269 0.015857138 -0.09826518 -0.18276669 0.058511306 0.049934063 -0.20100224 -0.15550749 0.005564088 -0.13866504 0.028939072 -0.028319808 0.0039085024 0.047346514 0.14719172 0.13693404 -0.24581036 -0.25584525 0.012467722 0.10013814 0.33749074 0.065207556 0.06799655 0.05235258 -0.02121285 0.04176239 -0.08177893 0.07446158 0.10145662 -0.1282227 0.09691155 -0.073763 -0.018128643 -0.08659673 0.1948562 0.03701332 -0.06504924 -0.005633149 0.08394968 -0.0028667606 -0.06302198 -0.04438849 0.16136284 -0.042416565 0.1216654 -0.012335854 0.1101629 0.08465472
δ -0.195825 0.07246668 0.054963406 2.1415986e-05 -0.10093071 -0.19072881 0.05900703 0.07358423 -0.20731711 -0.1532705 0.006020047 -0.12247543 0.04327688 -0.04285491 -0.0031219025 0.056668885 0.1635274 0.12892812 -0.26653698 -0.2624898 -0.012756049 0.10587654 0.3300713 0.06771536 0.049037453 0.061693855 -0.030293971 0.06834724 -0.094885774 0.06271509 0.102902494 -0.13414091 0.09715341 -0.08942943 -0.02794017 -0.10477065 0.19916399 0.0017102957 -0.060406383 0.012638068 0.063421465 -0.01700235 -0.08473851 -0.023734268 0.15364103 -0.035696883 0.088483594 -0.026795 0.08333428 0.113343924
Ν -0.15051155 0.053922057 -0.013449342 0.00043941068 -0.08303706 -0.16189668 0.05211211 0.038244113 -0.21040426 -0.10179333 0.013930428 -0.13345523 0.05471306 -0.008602668 -0.0015220256 0.049645983 0.16834264 0.10357273 -0.23642524 -0.21269323 0.054601092 0.14815104 0.30478534 0.050995447 0.027179254 0.07046586 -0.010388634 0.10315419 -0.09052773 -0.0029672768 0.03778341 -0.12234775 0.06049264 -0.032684967 -0.0736361 -0.04610004 0.19553573 0.018394569 -0.04870198 -0.009125977 0.091315955 -0.0033619103 -0.065794036 -0.026973419 0.20930299 -0.010933115 0.09742069 -0.04164982 0.10360565 0.07754721
Υ -0.15924142 0.05233643 0.028929103 0.035043824 -0.05887742 -0.1789434 0.053949982 0.027229818 -0.19510686 -0.1183664 0.013231792 -0.10883523 0.04316127 0.0007645659 -0.005538359 0.062316835 0.13011876 0.11008763 -0.23531957 -0.19926627 0.022851368 0.112050466 0.28379732 0.045216274 0.031161046 0.0642848 -0.0017330407 0.106124036 -0.1075257 -0.0031702751 0.051126678 -0.12777922 0.048995048 -0.04174023 -0.045664575 -0.045388386 0.17855987 0.00658122 -0.05042996 -0.0018206744 0.07954455 -0.005128265 -0.08215532 -0.034910195 0.18979804 -0.017364886 0.05260847 -0.001904241 0.102762364 0.069966614
Σ -0.14581116 0.026216079 -0.0076734247 -0.015661003 -0.07074447 -0.14243937 0.017380828 0.018320855 -0.11639967 -0.092653766 -0.015043001 -0.060783748 0.020661935 -0.017703997 -0.0030996983 0.031394735 0.06954986 0.043493282 -0.1596799 -0.1358524 0.010468535 0.090294376 0.21916291 0.041739214 0.045855675 0.04658025 0.009061104 0.07826041 -0.09349413 0.030436039 0.09615673 -0.09127454 0.025888696 -0.041943096 -0.037048753 -0.07234437 0.1275713 0.0152322985 -0.021982877 0.0030185257 0.03559325 0.024362717 -0.066216804 -0.055513807 0.12309884 -0.032629307 0.051912446 -0.0036040172 0.06409273 0.04861594
Å -0.12877537 0.031060591 0.0056994045 0.001290213 -0.032932818 -0.10507057 0.03883058 0.036309306 -0.15585743 -0.09451926 -0.010687774 -0.08396443 0.02843951 -0.03633504 -0.0016754243 0.041458275 0.09777953 0.09894369 -0.1737191 -0.16075528 0.0032674144 0.10802263 0.24844281 0.037909415 0.046811648 0.01226781 -0.006141916 0.069075264 -0.077260725 0.011291567 0.03644835 -0.08618597 0.035079435 -0.018637927 -0.03709914 -0.048774045 0.16157793 0.02356087 -0.047542505 -0.01571689 0.08026551 -0.005007181 -0.0394393 -0.059852567 0.13738908 0.0077610314 0.075495735 0.00062224764 0.06998164 0.061819192
ç -0.15191132 0.04793835 0.008358573 -0.015000804 -0.043312702 -0.14092804 0.03438054 0.030363766 -0.14381376 -0.10021646 0.01633994 -0.07994611 0.056242958 -0.0072637866 0.005790119 0.031030249 0.117651284 0.08952148 -0.2004883 -0.17733595 0.011372536 0.08841056 0.21058944 0.028847335 0.06170197 0.020026544 0.028734919 0.066121474 -0.104088604 0.017421244 0.058036484 -0.07736742 0.043685015 -0.054168068 -0.04863227 -0.04319921 0.136447 0.01593102 -0.045854714 -0.023966659 0.042211656 -0.0008725509 -0.053921547 -0.05256823 0.14707321 -0.034098558 0.07746641 -0.008441522 0.078587644 0.05647147
î -0.15569364 0.035544556 -0.003386147 -0.015178285 -0.07957859 -0.15509492 0.06013541 0.025127226 -0.16214414 -0.083698675 0.024513472 -0.07328665 0.0334655 -0.039302252 -0.008112656 0.032292474 0.089400135 0.06917806 -0.19310287 -0.13530546 0.015299569 0.068601295 0.23958932 0.05745813 0.037776127 0.012314283 0.012721771 0.06285607 -0.0934623 0.020363884 0.08689088 -0.09112643 0.02612464 -0.05619232 -0.025612777 -0.06060152 0.12490571 0.020336013 -0.029277017 0.00034381874 0.06373963 0.00032606075 -0.047147896 -0.05176573 0.14175542 -0.013179023 0.09499421 -0.011065812 0.088245235 0.052269902
Π -0.13859646 0.031118961 -0.011503026 -0.0003193536 -0.06385447 -0.17321542 0.08544907 0.05232704 -0.17131619 -0.0783876 0.017676273 -0.095810324 0.04600362 -0.036032252 -0.01992529 0.07029519 0.16195314 0.1342085 -0.242793 -0.22272423 0.025489792 0.11648719 0.2921916 0.023783052 0.037627332 0.05075986 0.020370398 0.09852164 -0.09375547 -0.004303332 0.066526145 -0.12935616 0.06033668 -0.036358345 -0.05550519 -0.07361681 0.19610283 -0.009322243 -0.018624276 -0.013787884 0.11484165 -0.003205437 -0.057382926 -0.039744858 0.21175887 -0.016510734 0.060611248 -0.016060492 0.10062992 0.08056572
