53 50
  0.3126948 -0.07970585 -0.01776373 -0.14133231 -0.036082994 0.026315963 0.047103263 -0.19151329 0.20834775 0.12875046 -0.2635171 -0.058673397 0.37730598 -0.1528876 -0.07489393 0.017262176 -0.06418622 0.15671314 -0.13306569 -0.2685177 -0.07634362 0.12110765 0.072721444 0.032004308 -0.113775216 0.16157216 -0.09110286 -0.24552204 -0.05611605 0.020120839 0.020357236 0.12682499 0.16486883 0.08529266 0.0020021214 -0.07246115 0.11642134 -0.058641125 -0.082555756 -0.088188626 -0.08491638 0.021231707 -0.0051280684 0.14220269 -0.18255018 -0.21231551 0.06333677 0.15751642 -0.13272983 -0.095130585
e 0.24357973 -0.11506223 -0.025268808 -0.07550305 -0.033258636 0.005340916 -0.08366251 -0.031422805 0.12919764 0.14183436 -0.27962598 -0.02798687 0.36323208 0.018576732 -0.09416612 -0.11447472 0.02797807 0.21597798 -0.30238554 -0.36775404 -0.054704737 0.14163087 0.15023254 0.077966444 -0.1028869 0.11335591 -0.08638291 -0.1413784 -0.15908018 0.16409813 -0.08249278 0.10574011 0.116888896 -0.008011538 0.061565295 0.08478547 0.1358464 0.009695041 -0.084953055 -0.09991837 -0.15793422 -0.037404023 -0.036255985 0.12708889 -0.04298586 -0.06301604 0.08980526 0.054527085 -0.095969945 -0.20536369
t 0.21543679 -0.18688999 0.019062478 0.11313926 -0.1341737 0.075288445 0.17204958 -0.15600978 0.014385507 0.10667933 -0.20629196 -0.0004105431 0.25332692 -0.06841667 -0.03605786 -0.07733669 0.017947035 0.11197233 -0.2133914 -0.232829 -0.11593412 0.1312184 0.07559979 0.0104957 -0.028547172 0.103686556 -0.17971306 -0.14246777 -0.1180526 0.049189962 0.08415453 0.15301508 0.3311547 0.037324447 0.02722151 0.015856225 0.09824201 0.046191607 -0.105088346 -0.23498118 -0.141669 0.013742173 -0.10842327 0.1467442 -0.1173779 -0.20878936 0.14627713 0.11631643 -0.14956509 -0.09109053
a 0.25882 -0.13707419 -0.040240377 0.029277792 -0.017001735 0.07263106 -0.11287428 -0.035923082 0.173178 0.23283678 -0.27851734 0.06813412 0.26413018 -0.06035848 -0.09365658 -0.023226464 0.012357416 0.10535222 -0.2400311 -0.36262822 -0.066548035 0.19050287 0.119447224 0.08404516 -0.12904367 0.14831893 -0.17984533 -0.052345525 -0.12412539 0.163079 -0.010371183 0.03990827 0.19281383 0.089931816 0.032733157 -0.009796682 0.005227722 -0.09630849 -0.048320454 -0.058713395 -0.15147637 -0.023747332 -0.03337952 0.15661564 0.026821028 -0.15610527 -0.06522701 -0.06443273 -0.1508764 -0.22985661
o 0.27891952 -0.15070072 0.028111191 0.062057268 -0.07357235 0.03604999 0.012191165 0.040136173 0.09112149 0.13506539 -0.3517725 0.0041255755 0.2950433 -0.0378291 -0.10138939 -0.11790306 -0.026697123 0.15420765 -0.25001264 -0.37706992 -0.23777899 0.07831239 0.078178376 -0.052478846 -0.122965306 0.07459381 -0.099901386 -0.09606732 -0.122163646 0.21415374 -0.044752795 0.057395957 0.20063505 0.13174316 0.122031316 -0.01821161 0.0099812765 -0.032392886 -0.09503558 -0.03826658 -0.03870873 -0.07469313 -0.020866662 0.2181161 -0.16392887 -0.16439748 -0.0009351208 -0.0129513545 -0.08201641 -0.03254247
n 0.2122688 -0.17838405 0.048823424 -0.066585444 -0.16478726 0.1536657 0.10180995 -0.107487656 0.13474812 0.107901104 -0.24822804 0.029445138 0.086633556 -0.1313661 0.012925977 0.035771213 -0.06704663 0.14278218 -0.268925 -0.31375036 -0.085373074 0.21707037 0.1325323 0.13342007 -0.057410937 0.05777115 -0.14770712 -0.16550742 -0.05039028 0.12968773 -0.023428006 0.08676668 0.25694245 -0.077601634 0.17674173 -0.10233273 0.10763393 0.04560659 -0.015832372 -0.18264765 -0.09930489 -0.0010937982 0.07935704 0.043072645 -0.05919292 -0.2295517 0.11550265 0.085600935 -0.21100771 -0.17190616
i 0.30923092 -0.11512746 0.012720323 -0.03009911 -0.14366008 0.04774088 0.0037308438 -0.055396583 0.17535268 0.12884194 -0.2818165 0.02186799 0.24647811 -0.055776965 -0.12735912 0.039227556 0.0024450975 0.1945884 -0.23724948 -0.34701738 -0.053159997 0.1759235 0.10606184 0.089840636 -0.025796331 0.08357371 -0.28410456 -0.21043882 -0.22152564 0.08680819 0.09137788 0.09203425 0.16957556 -0.04201882 -0.022190016 -0.007812151 -0.03725936 -0.01937466 0.0085328715 -0.071124695 -0.11512896 -0.04950691 -0.15804952 0.116100736 -0.044748593 -0.07129375 -0.06454086 0.103448994 -0.13696112 -0.15990454
s 0.13675283 -0.14574403 0.11544807 0.039239794 -0.14790386 0.031264596 0.033490933 -0.06705613 0.040358793 0.19929366 -0.27994052 0.025757734 0.29509178 -0.06471366 0.011493267 -0.10582118 -0.05856812 0.17322612 -0.28525677 -0.29199365 -0.08125917 0.16197543 0.1502318 0.0409758 -0.06967182 0.119314454 -0.17417277 -0.117548816 -0.08212987 0.046127398 0.007828969 0.09157222 0.26018128 -0.043177478 0.122759886 -0.0644454 0.20885536 0.047054943 -0.0044130464 -0.17016947 -0.13096642 0.040118348 0.031590857 0.11735784 -0.0746004 -0.13533846 0.02607977 0.11632676 -0.041418687 -0.10356705
h 0.088114746 -0.09615874 0.042856168 0.09144312 -0.03884414 0.028691154 0.11150484 0.0010350845 0.15039831 0.21738426 -0.32326034 0.030676879 0.1527551 -0.051369183 -0.0989388 0.04345303 -0.11244643 0.14168182 -0.30371135 -0.21854204 -0.13415977 0.24752083 0.07943177 -0.07023188 -0.08715695 0.097953685 -0.14488171 -0.25880432 -0.18159756 0.1122447 0.04171079 -0.019661773 0.3623852 0.010720422 0.112399064 -0.20456082 0.14940123 -0.07074492 -0.02572428 -0.1710382 -0.11935126 0.014699452 -0.00029807776 0.13234076 0.05509601 -0.204665 -0.0701978 0.07803401 -0.21137719 -0.21440135
r 0.1664266 -0.05110891 0.005711448 -0.017137976 -0.08717733 0.084868245 0.10617914 0.052109558 0.091402024 0.082474 -0.34892774 0.04089086 0.3195227 -0.06392722 -0.066000104 -0.024983825 -0.19387174 0.15498507 -0.12912346 -0.28549874 -0.12812579 0.14324427 0.11522373 0.105183266 -0.029306356 0.12654656 -0.17187598 -0.11658341 -0.17230044 0.14116436 0.05074196 0.05399136 0.272083 -0.06646303 0.12006643 -0.055553555 0.12324822 0.047757402 -0.013232786 -0.17541185 -0.12605226 0.02262781 -0.10731286 0.15048939 -0.17848578 -0.093418054 0.0783439 0.045466 -0.2483211 -0.009482842
d 0.21750069 -0.11022965 0.044842552 0.044732142 -0.12877943 0.005042299 -0.051593754 -0.1698954 -0.023165146 0.14808302 -0.27118093 0.04592698 0.32494515 -0.03523051 -0.04280405 0.0026716178 -0.12530565 0.16072364 -0.16973309 -0.2199842 -0.11423383 0.17838882 0.14988406 0.05259477 -0.052251387 0.21076208 -0.1597036 -0.08600077 -0.067713946 0.059060134 0.025410807 0.08836197 0.29372147 0.12756002 0.023463482 0.028698944 0.06039599 -0.02025711 0.014638513 -0.128287 -0.14199622 -0.017762134 -0.10524068 0.08806259 -0.03340853 -0.25296947 0.070749745 0.121669896 -0.19668056 -0.057064023
l 0.21948425 -0.095212415 -0.012160346 -0.13582027 -0.07134746 0.05695609 0.093530186 -0.0075828293 0.04302671 0.20425375 -0.30297512 0.07738974 0.29844782 -0.11919076 -0.02252097 -0.06289118 -0.12279976 0.15622555 -0.14614451 -0.34410205 -0.05653885 0.11007337 0.25234136 0.11362711 -0.0041809916 0.17445746 -0.094722785 -0.102163136 -0.12439424 0.037445404 0.018946348 0.13950045 0.17107193 0.0017606564 0.030556276 -0.13488132 0.010376055 -0.068528384 -0.03396568 -0.19675162 -0.06549462 0.08954905 0.083744586 0.04788984 -0.09593297 -0.28236982 -0.033142358 -0.022803059 -0.26830888 -0.09509156
u 0.2315249 -0.09453628 -0.12148642 -0.06322588 0.009493517 0.19566944 -0.025790822 -0.09321325 0.10553948 0.0898417 -0.20617771 0.15151088 0.29205653 -0.13343005 0.17471406 -0.12632473 -0.121680915 0.15464036 -0.20408662 -0.44826266 -0.06212407 -0.009617 0.01656083 0.09588376 -0.15780929 -0.062969394 -0.30523968 -0.2608581 -0.1349684 0.06990847 0.054414857 0.09776146 0.29460058 0.05536711 0.07069248 0.03325883 0.060292326 0.056376785 -0.11964122 -0.1479038 -0.15548357 -0.010325275 0.021497175 0.195487 -0.106152534 0.0470647 0.008942385 -0.030881263 -0.07062502 -0.17842625
m 0.18121289 -0.11842324 0.0013135185 -0.04808172 0.00051840296 0.07967904 0.075188495 0.023609938 0.14584082 0.17771147 -0.36789057 0.05125206 0.3313632 -0.100055546 -0.0053715785 -0.070771016 -0.077198416 0.106175885 -0.14594066 -0.27514404 -0.11616662 0.07809678 0.21186955 0.08193514 0.053235512 0.03043612 -0.05165164 0.0030312615 -0.19511773 -0.007558039 0.04769186 0.07067306 0.34785366 0.03488803 0.0670572 -0.080428526 0.14424765 0.014049455 -0.026296796 -0.1658491 -0.07490624 -0.02571441 -0.07443556 0.13457976 -0.058872994 -0.13750911 0.13217202 -0.035530273 -0.2322679 -0.079692565
c 0.20878407 -0.08109139 0.071168765 -0.012062273 -0.12772124 -0.0037722215 -0.005241951 -0.13482599 0.095698744 0.13167568 -0.27675852 0.0038226536 0.30233544 -0.13503718 0.00057736103 -0.085774854 0.017874096 0.10198251 -0.18755013 -0.27918002 -0.1260426 0.07113181 0.17416765 0.008578165 -0.10695387 0.16230455 -0.25487146 -0.122550696 -0.0568349 0.06875393 0.03411582 0.12856615 0.29586968 0.029665608 0.05477308 -0.025689445 0.10745644 0.09683456 -0.033494465 -0.14575835 -0.08050465 -0.003817049 0.013865768 0.17544554 -0.09765105 -0.18156442 0.089498386 0.173013 -0.06853763 0.026393138
f 0.2039898 -0.18924053 0.047422457 0.008169728 -0.086247586 0.1348795 -0.032594476 -0.046440564 -0.026225382 0.05700236 -0.25838098 -0.018389057 0.3094301 -0.051586475 0.100611925 -0.03797306 0.0876468 0.08204846 -0.19632863 -0.2699269 -0.13238108 0.0911088 0.03486378 -0.03509079 0.017441247 0.075896546 -0.08334888 -0.100812346 -0.023927376 0.09669763 0.00838116 0.120358825 0.3365314 0.087895066 0.03242355 -0.072208785 0.26981297 0.022356534 0.07166097 -0.06978244 -0.03805095 -0.11774252 0.019928124 0.30798504 -0.07196121 -0.14191635 0.20723349 0.10512894 -0.28985912 -0.24822462
w 0.12707226 -0.121882305 -0.16387264 0.27185673 0.010879727 -0.044011768 0.015901096 -0.13042098 0.21820678 0.20906569 -0.27067855 0.016483111 0.3286734 -0.070771575 -0.120343745 -0.026640391 0.17961022 0.02040843 -0.24756472 -0.24935266 -0.029268738 0.20685455 0.15736774 0.1195121 0.022194881 0.13749975 -0.25772813 -0.018176295 -0.12057409 0.038448226 0.066742584 0.19190454 0.31261614 -0.018289877 -0.012540208 0.022124134 0.026612405 0.052722618 -0.13874131 -0.24364193 -0.12855983 -0.026006345 0.04864658 0.11786881 -0.013691745 -0.20660155 0.16287239 0.0437388 -0.2195437 -0.03302034
y 0.02241836 -0.06503042 -0.010068855 -0.045649964 -0.17261289 -0.0026489575 -0.087583 0.0022814604 -0.16504106 0.07343622 -0.37790987 0.085326396 0.22162022 0.031818822 0.01559394 -0.15951322 -0.10028249 0.22069195 -0.33837733 -0.45717892 -0.10310791 0.12852672 0.11125111 0.0061568036 -0.05474386 0.16038896 -0.1317869 -0.34011298 -0.072293445 0.17416768 0.03338551 0.10853974 0.19758914 0.06487628 -0.012922598 0.039911296 0.047914237 0.0367391 0.019325815 -0.085784 -0.05326058 0.0027255395 0.036620747 0.18776353 -0.05065765 -0.18688114 0.08356647 0.20985442 -0.14932178 -0.05553638
g 0.26508006 -0.15015945 0.13722955 -0.054476015 -0.107039385 -0.035964765 -0.0013268294 -0.25639078 0.12744766 0.19398865 -0.29656416 -0.042582605 0.3582244 -0.18811135 -0.052012056 -0.06526102 0.10894558 0.09354391 -0.15091105 -0.16258971 -0.16629021 0.10376994 0.2441662 -0.008660454 -0.046045538 0.23273411 -0.13484715 -0.017688306 -0.11924167 0.018698122 0.07111664 0.091556735 0.26861498 0.10318769 -0.023236802 -0.027022956 -0.029361397 0.059044518 -0.049848355 -0.14168972 0.03650849 -0.15653352 -0.08696975 0.08973683 -0.002553177 -0.17009531 0.14987639 0.02016573 -0.050971795 -0.29007748
p 0.22311574 -0.14541525 0.046228666 -0.016159775 -0.0739992 0.11469816 -0.12800805 -0.050280217 0.14482708 0.16844581 -0.26245534 0.023216736 0.20596878 0.00017241748 -0.017888673 -0.003876329 0.06841578 0.1399695 -0.18906851 -0.3743087 0.002790009 0.061785113 0.18402775 0.014064944 0.0358517 -0.016807834 -0.15277703 0.03501105 -0.07881022 -0.06627614 -0.038614444 0.1528015 0.37308016 0.09998619 -0.06726998 -0.14259993 0.25738606 -0.0037013139 0.029269772 -0.18935008 -0.18094045 -0.013359218 -0.050000902 0.24578315 -0.09021729 -0.22245674 0.08426377 0.23380835 -0.13602355 0.025245378
<s> 0.067747146 -0.27375117 -0.16344821 0.4222216 0.10459198 0.063375905 0.21932691 -0.24295323 0.2794021 0.6486536 -0.57811856 0.09854001 0.37159106 0.01713974 -0.15951093 -0.00057012215 -0.027586067 0.04658371 -0.4848195 -0.1145155 -0.095670745 0.4379665 -0.031984255 -0.09234897 0.04905582 0.10231039 -0.07914864 -0.40930355 -0.16920163 -0.20803292 0.18661824 0.11946956 0.28136986 0.17598507 -0.27670136 0.07701482 0.1647246 -0.3157104 -0.037457243 -0.11303228 -0.2421448 0.28752524 0.28428406 -0.2314847 0.116832934 0.021204619 0.07157637 0.18594076 -0.23531011 0.10341198
</s> 0.24632366 -0.037114058 0.15058151 -0.38096914 -0.30743667 -0.09053572 0.0838403 0.14114693 -0.15303984 -0.46773997 0.08223338 -0.15653037 0.558973 -0.32896724 0.18415484 0.13548408 0.04389394 0.2722841 -0.33897385 -0.75574255 -0.051502008 0.012689411 0.49847904 -0.0017126283 -0.24471475 0.12361526 -0.2872013 0.07933692 -0.20853727 0.18969546 -0.008232261 -0.087825686 0.22258087 -0.004762445 0.111577936 -0.15855826 0.42188793 0.085286856 -0.062238403 -0.04728845 -0.0012762297 0.08351684 -0.3400122 0.20848818 0.16756347 -0.3234603 0.15339191 0.023794776 -0.04329918 0.003985197
b 0.1767357 -0.08962536 -0.015636813 0.02786111 -0.020897424 0.055700034 -0.07245431 -0.030892842 0.104608215 0.093960464 -0.35819605 0.049904995 0.408311 -0.16527851 0.03069883 -0.0031977736 -0.020811819 0.027381152 -0.16415381 -0.2374167 -0.1702206 0.1304659 0.09564697 0.062479172 -0.053372372 0.10942164 -0.276074 -0.10506695 -0.062204912 0.12310238 1.2816617e-05 0.1147367 0.14753354 0.06223351 0.017271474 -0.0053506973 0.06774901 0.020853186 0.07575557 -0.06353808 0.008757259 -0.06954615 0.12440745 0.076228686 0.030239161 -0.2651215 0.18140462 0.0392385 -0.37091213 -0.10221317
v 0.009981648 -0.14652506 0.038319543 0.012800519 -0.021591952 0.0071451976 -0.00070322806 -0.05476404 -0.010776411 0.11466313 -0.19118318 0.06948791 0.3053761 -0.17793839 0.013974265 -0.124534875 -0.13024516 0.08846186 -0.25858715 -0.20544429 -0.060826957 0.15128781 0.10875306 0.12661779 -0.09481753 0.015655288 -0.11325895 -0.07957999 -0.14287093 -0.062218893 0.06353071 0.049610704 0.40637684 0.23950161 0.020680351 0.10613919 0.12204239 -0.092451215 -0.066480145 -0.20217246 -0.21140072 0.036456417 -0.13577995 0.066546544 0.0013090203 -0.38514286 0.17350738 0.009150391 -0.32003817 -0.20098352
k 0.15581012 -0.092121124 -0.12285303 0.19663154 -0.06987609 0.04843399 0.03307821 -0.20232834 -0.080080025 0.1831763 -0.15596305 0.16028538 0.27621368 -0.047162276 0.05276952 -0.010245215 -0.1636542 0.13321453 -0.14526057 -0.31616974 -0.027148053 0.19549476 0.10589752 0.07623166 -0.05565179 0.2800719 -0.22217105 -0.08701071 -0.034572296 0.06842998 0.10944491 0.09498337 0.36088586 0.06932448 0.09027623 -0.17560928 -0.020285886 -0.016398856 -0.12196368 -0.2372371 -0.11950535 0.026764693 -0.03773019 0.21032791 -0.033535533 -0.27283633 -0.108449206 -0.05491016 -0.09869799 -0.22117256
x 0.23546633 -0.12276516 0.41169 -0.2984885 -0.1781573 0.1299677 -0.013453682 0.14774105 0.19312543 0.3637586 -0.30284876 0.13441595 0.06030373 -0.10299687 0.01114338 -0.25765604 0.13224237 0.019813623 -0.20259488 -0.1652479 -0.034854945 0.027658103 0.18314867 0.021460418 -0.13376524 0.03279377 -0.29613024 -0.16753888 -0.17416996 -0.1118444 0.037820484 0.017446885 0.3465023 -0.0143340705 0.07313929 0.2078221 0.315702 -0.047487695 0.056523364 -0.15540163 -0.48747522 0.043684233 -0.36252585 0.18860586 0.058835335 -0.16537507 -0.1150142 0.35837623 -0.15363187 -0.095300525
q 0.27380198 -0.18938138 0.5103738 -0.09377522 -0.18250176 0.2125754 -0.046689603 0.0010105573 0.073463105 0.11413493 -0.51225346 0.07352505 0.4098161 -0.2664139 0.15492773 -0.119698085 0.09460662 -0.039264034 -0.043330517 -0.07977862 -0.4001132 -0.056665737 0.1643923 -0.2767494 0.024376865 -0.02938486 -0.49227652 -0.08795391 -0.078734554 -0.033534434 -0.13091083 0.2353504 0.007101374 0.1317659 -0.11874513 -0.3203079 0.114252865 0.03794522 0.23570666 -0.2568442 0.16680782 -0.17228149 0.30303752 -0.22782837 0.19617018 -0.5072431 0.07479487 0.21844235 -0.15648583 -0.036413234
j 0.41620722 -0.11882552 0.05465707 0.034220785 0.05588243 0.35403207 0.1854565 0.017913444 -0.025605824 0.2508769 -0.3909762 0.20069152 0.48916477 0.052138116 0.20566934 -0.03814481 -0.17730533 0.114982314 0.06722944 -0.2529486 -0.27342996 -0.09033571 0.10103286 -0.23062989 0.0075386427 0.064087026 -0.25104225 -0.097968236 -0.1252008 0.048694834 -0.110962465 0.13598958 0.08840801 0.022547945 0.01456043 -0.20203233 0.2681416 -0.027883612 0.03752561 -0.22723617 -0.07747753 -0.045180064 0.003563715 0.04356463 0.04922971 -0.15111056 -0.0725508 0.007302076 -0.23579189 -0.052936662
z 0.04793182 -0.25469622 0.009387062 -0.17864946 0.019085623 0.46230343 -0.11549732 -0.42066103 0.10129964 0.024609327 -0.4243527 0.07305411 0.07668397 -0.34366265 -0.119704425 -0.19159397 -0.5199651 0.004914146 -0.1499458 -0.3437239 -0.061463922 0.3697809 0.04826813 0.3840392 -0.17702642 0.22970483 -0.1401936 0.015253112 -0.2632827 0.23924981 0.268593 0.13448295 0.2092099 0.16229083 -0.26091993 -0.17503364 -0.0027503527 0.24057364 0.3374032 0.01704108 0.16235195 0.23685402 -0.36529604 0.042194087 0.31564754 -0.21769725 0.6290517 -0.32414714 0.14517224 -0.36868423
é 0.28640154 -0.0701282 0.12566485 -0.23860899 -0.06479467 0.18963595 -0.09329704 -0.010754569 0.12495747 0.129022 -0.39771748 0.06539655 0.3171869 -0.033420324 0.11333213 -0.15476921 -0.19978482 0.1149923 -0.068081684 -0.25838077 -0.20764963 -0.08773877 -0.011965108 -0.04002821 -0.07573149 -0.12803307 -0.25704342 -0.27123392 -0.1503302 0.06040762 -0.08081942 0.1597899 0.16802889 0.05561594 0.028837154 -0.030186914 0.120230354 0.12477755 0.068474844 -0.17488298 -0.096331574 -0.049461603 0.09660713 0.117447 -0.06577347 -0.1281053 0.004923244 0.16720599 -0.05974758 -0.11692746
æ 0.215556 -0.09149884 0.1617983 -0.078505285 -0.25251508 -0.07867106 -0.009528082 0.049780224 -0.10910116 -0.05387844 -0.15718944 -0.083402805 0.36064106 -0.07118794 0.0181549 0.011708858 0.061280478 0.25913766 -0.29056117 -0.4892185 -0.0845126 0.09130839 0.3205528 -0.06748105 -0.07253214 0.109853216 -0.18964806 0.021377252 -0.15740791 0.093613654 -0.07465702 0.035070386 0.2510208 0.08664228 0.012917554 -0.09139549 0.1991536 0.04073353 -0.023375709 -0.10582398 -0.030076407 -0.09680126 -0.21306857 0.22382994 0.040548168 -0.21557944 0.023626208 0.059369884 -0.03755569 -0.107462056
ê 0.11833177 -0.11982067 0.074361496 -0.05187914 -0.21192059 -0.035289276 0.086048506 0.041552514 -0.03398526 -0.101114586 -0.10286419 -0.077615 0.27239284 -0.11600174 -0.0049903477 0.014481603 -0.0057423366 0.23758946 -0.34680733 -0.48883858 -0.030857334 0.18698448 0.31475708 0.08540003 -0.054079488 0.115105525 -0.1473082 0.028822247 -0.20570527 0.118695736 -0.0072828727 0.014560887 0.2933669 0.012486064 0.057124656 -0.106089406 0.2549847 0.0323461 0.017380698 -0.093254834 -0.084848195 0.016690014 -0.23933597 0.15052108 0.06997834 -0.2194805 0.121963374 0.04905928 -0.023055065 -0.13481128
ö 0.15699771 -0.091655724 0.07160435 -0.090115316 -0.24879111 -0.12537788 0.057714388 0.113084204 -0.12092456 -0.1934336 -0.040105015 -0.13755696 0.32007667 -0.104904756 -0.033746593 0.13997659 0.07079282 0.2697892 -0.3827738 -0.579463 0.006335929 0.20678483 0.38907713 0.08545485 -0.10727437 0.23302893 -0.16222045 0.055650778 -0.2030495 0.21436052 0.009118828 -0.067059524 0.2923589 -0.06850892 0.12056324 -0.119335234 0.2385945 0.004414533 -0.06000782 -0.082209595 -0.061018117 -0.04832714 -0.2560307 0.2559609 0.09105429 -0.18608715 0.023371348 -0.013649354 -0.07332498 -0.1267031
è 0.15521017 -0.1271583 0.15870874 -0.104779005 -0.24004522 -0.069734864 0.0022918426 0.059976332 -0.14932343 -0.14038981 -0.05224866 -0.069164954 0.37232277 -0.08817725 0.04259139 0.021503802 0.07229437 0.28908312 -0.3561283 -0.51885027 -0.028161181 0.13615844 0.39428136 0.010104371 -0.06991794 0.09710427 -0.17117503 0.07084876 -0.17118101 0.10795029 -0.05868022 -0.0036465891 0.24748714 0.021013046 0.045996256 -0.10870185 0.2444335 0.028392306 -0.042013146 -0.14587004 -0.038101133 -0.045097414 -0.22094789 0.18569176 0.09556808 -0.21917853 0.048386157 0.0012307368 -0.07310252 -0.09604683
ë 0.16768056 -0.065356195 0.1356873 -0.16550049 -0.2406245 -0.09420835 0.026629768 0.091239944 -0.13712814 -0.16612859 -0.05555695 -0.09662267 0.34606767 -0.13019878 0.042737506 0.03988972 0.07248799 0.24433178 -0.300009 -0.5361832 -0.026474504 0.10019115 0.34925324 0.009636181 -0.13493504 0.1706224 -0.19576395 0.021043194 -0.15802926 0.15937561 -0.024004126 -0.017469618 0.22762167 6.5991015e-05 0.099761374 -0.07235982 0.20638059 0.040247366 0.00013174608 -0.07901097 -0.035528477 -0.05979075 -0.25856143 0.23364154 0.10153933 -0.26400027 0.026628397 0.024848262 -0.09012973 -0.10355613
à 0.17638555 -0.036374353 0.036679134 -0.0525938 -0.116894245 -0.011373867 -0.00085307506 -0.019181961 -0.00024724487 -0.049133554 -0.17251506 -0.0390456 0.2706766 -0.07634376 0.0172609 0.014922942 -0.02998866 0.18963191 -0.23118655 -0.41460314 -0.057739854 0.11303379 0.17843808 0.07556838 -0.015717497 0.104265645 -0.17323676 -0.028124748 -0.15549181 0.14398512 0.02904302 0.046543594 0.2615821 -0.0013167869 0.04826055 -0.083196074 0.17979947 0.06846994 0.02140248 -0.08638031 -0.04779102 -0.01687879 -0.12086909 0.17003737 0.049428683 -0.14209093 0.053120457 0.040159535 -0.059218857 -0.16874588
ô 0.20433739 -0.112129554 0.15823735 -0.126126 -0.23029025 -0.088327006 0.054365408 0.12483247 -0.13248225 -0.17624535 -0.046577994 -0.104213215 0.33381227 -0.104134046 0.0428943 0.054022662 0.10086447 0.24701735 -0.29355496 -0.45411807 -0.051320467 0.09061521 0.35071164 -0.023369743 -0.08822359 0.13498847 -0.19903578 0.09098661 -0.16517581 0.14391524 -0.01699135 -0.040799826 0.23863456 -0.013371085 0.10577728 -0.10829177 0.25543573 0.018881865 -0.010640534 -0.10544528 -0.06881038 -0.053184707 -0.23705505 0.20838761 0.07909921 -0.22362873 0.026828986 0.042667925 -0.09124191 -0.091052145
ï 0.15636843 -0.09700446 0.1604449 -0.17181587 -0.25805894 -0.09847781 0.074097745 0.17475863 -0.117437884 -0.2123632 0.032611504 -0.09493664 0.3540735 -0.13486634 0.030094545 0.10162237 0.13133311 0.2562795 -0.34878248 -0.5094635 -0.0064279535 0.08970321 0.43729284 0.024517871 -0.117049634 0.11294213 -0.1805836 0.10921801 -0.21266928 0.13667504 -0.058323637 -0.059040457 0.255231 -0.016758805 0.15650275 -0.07233767 0.27358568 0.016747866 -0.05920082 -0.10684696 -0.07521429 -0.031419024 -0.27879155 0.20241056 0.10688742 -0.21544434 0.03633109 0.0023640115 -0.11177763 -0.077226266
ñ 0.17434523 -0.07678539 0.13417181 -0.10698194 -0.24338298 -0.028225215 0.051933527 0.040328547 -0.084417164 -0.19501187 -0.06445458 -0.08210112 0.33672556 -0.14776154 0.007682493 0.08082081 0.05616694 0.19308719 -0.32329518 -0.49124166 -0.025203595 0.19465141 0.31572962 0.04487861 -0.10494664 0.18714155 -0.19461015 0.06441914 -0.18444231 0.18942301 0.0029480422 -0.032701727 0.23327792 -0.02419108 0.01399403 -0.12836902 0.23765568 0.031020926 0.032270156 -0.06974913 -0.02187997 0.025711058 -0.26137558 0.1756984 0.16456218 -0.1897471 0.09488958 -0.023679547 -0.057222012 -0.11041752
ä 0.14939183 -0.09566078 0.08758052 -0.07733494 -0.20169337 -0.050023343 0.07510604 0.05339686 -0.07531704 -0.086738564 -0.10699166 -0.06770668 0.31106356 -0.114466496 0.024108762 0.052263 0.052433595 0.18691349 -0.2978076 -0.43114704 -0.05511332 0.115095414 0.32085857 -0.017620446 -0.07640834 0.12162407 -0.1703781 0.03789022 -0.17387535 0.104490854 -0.015685765 -0.0048711305 0.23412609 -0.016049864 0.09005897 -0.122056566 0.20243183 0.010191612 -0.030620912 -0.12833612 -0.05568193 -0.01988126 -0.18235637 0.16132945 0.059450366 -0.23804747 0.012380941 0.072304524 -0.046473883 -0.065446906
â 0.17909709 -0.07907196 0.13209642 -0.10911312 -0.19415607 -0.0135133695 0.020047836 0.06264531 -0.044081915 -0.087620564 -0.12122367 -0.051900838 0.30799502 -0.119285405 0.04392777 -0.005754475 0.01272996 0.1745589 -0.24997327 -0.40136644 -0.08698258 0.08517452 0.24789795 0.022659168 -0.09159108 0.08934732 -0.17535438 0.009865201 -0.16414565 0.1205525 -0.021484522 -0.0057470696 0.22166342 0.017242407 0.07984765 -0.09192737 0.21107408 0.08450142 0.0058047776 -0.09634183 -0.046676625 -0.039743 -0.20012073 0.19482727 0.06395801 -0.2697286 0.045606323 0.0442675 -0.06106078 -0.09706277
ü 0.14888601 -0.10069404 0.16096081 -0.16122426 -0.2680957 -0.10214874 0.055234164 0.12218193 -0.16173919 -0.20660385 -0.020266077 -0.109926105 0.33683246 -0.15633358 -0.010487164 0.08213773 0.11042079 0.24184108 -0.35143754 -0.5085455 -0.021889633 0.12549983 0.40202942 0.008872102 -0.11326429 0.17169605 -0.13167883 0.08094448 -0.19983096 0.15311673 -0.042149033 -0.05348192 0.25391456 -0.02191279 0.07769178 -0.088226065 0.2762 -0.0040842197 -0.028756335 -0.049376648 -0.057950422 -0.031413227 -0.26711866 0.21018411 0.13816375 -0.2191806 0.06423753 0.035129353 -0.10650525 -0.10603037
ο 0.18056117 -0.06393893 0.16517878 -0.13783047 -0.22369525 -0.027377514 0.013462336 0.056726955 -0.06514432 -0.09716849 -0.04729681 -0.049219295 0.2999603 -0.13916595 0.03319926 0.013042128 0.048006397 0.17435773 -0.23812436 -0.38941512 -0.0790133 0.05393806 0.2858946 0.0072368355 -0.12520957 0.1405606 -0.18109334 0.010524975 -0.10085696 0.13449745 -0.011582184 -0.02413651 0.26085588 -0.015885495 0.14334607 -0.08708843 0.18018353 0.02465975 -0.040636312 -0.112090245 -0.07188236 -0.03567858 -0.19594686 0.1840212 0.014767935 -0.24767694 0.034514762 0.03384554 -0.13639365 -0.111399435
δ 0.19352636 -0.038623348 0.07394276 -0.13150856 -0.15642345 -0.0061626555 -0.0073211472 0.001960439 -0.018819133 -0.06364066 -0.10691838 0.00029934433 0.21266772 -0.11350984 0.047074147 -0.0075619193 -0.0011980206 0.14475124 -0.1485759 -0.30571908 -0.08391888 0.045256525 0.18408042 0.021210462 -0.11838962 0.102917 -0.17435999 -0.041005533 -0.06726177 0.14687358 -0.024148803 0.0066720042 0.23879978 0.0066390256 0.11899368 -0.04704858 0.11420794 0.06651062 -0.04227781 -0.09320047 -0.038146835 -0.06892641 -0.14172755 0.19276384 -0.054597814 -0.22261623 0.031354662 0.06343919 -0.15083995 -0.12432231
ἶ 0.17666027 -0.044561777 0.095140815 -0.10493869 -0.14033496 0.003576675 -0.0062826695 0.007914949 -0.0105742 -0.059287015 -0.11482044 -0.027445383 0.23591682 -0.10813499 0.05997687 0.009717193 -0.02871218 0.13900782 -0.122705385 -0.30471712 -0.07870567 0.0477971 0.16167058 0.043383624 -0.0910626 0.12487574 -0.18440193 -0.028526606 -0.06424864 0.11509864 -0.021010112 0.030749807 0.20883688 -0.007107363 0.12674572 -0.04346558 0.13737507 0.052586377 -0.044386856 -0.08327495 -0.049606565 -0.054789223 -0.15191427 0.17941967 -0.044445556 -0.22352852 0.041184522 0.05243712 -0.13637723 -0.1340623
α 0.19209164 -0.05268285 0.089877814 -0.1079061 -0.14508258 0.018433081 -0.009119663 -0.007419352 -0.010953095 -0.058411315 -0.118310705 -0.015695564 0.23054239 -0.11113769 0.06391999 -0.0037444294 -0.024290735 0.12756082 -0.1473928 -0.29216984 -0.10822753 0.03626441 0.18499728 0.01158087 -0.11986133 0.12646227 -0.2058904 -0.034572423 -0.07897095 0.13895865 -0.014491676 0.01692742 0.24247496 -0.020514106 0.12341341 -0.044386365 0.12510893 0.07717326 -0.009529109 -0.103216104 -0.050602097 -0.05422347 -0.16108017 0.19935705 -0.03383516 -0.24906099 0.033983696 0.052326392 -0.14115901 -0.10723711
ν 0.10407989 -0.06944478 0.12951046 -0.11860523 -0.18358472 -0.06575018 0.009148136 0.064189464 -0.075179085 -0.11262567 -0.031236365 -0.06139218 0.20900254 -0.08368436 0.031755053 0.04375638 0.07076131 0.12333727 -0.17558154 -0.30639842 -0.016199268 0.07143584 0.25262558 -0.026834805 -0.10101176 0.116915815 -0.11095335 0.041602068 -0.08824426 0.087844506 0.0020834706 -0.02315953 0.14329405 -0.011132339 0.07279306 -0.07677796 0.17188637 0.014000844 -0.03683451 -0.039406106 -0.020250894 -0.00089127006 -0.15128893 0.09127673 0.07288723 -0.17557752 0.013773743 0.027234042 -0.046698615 -0.046678904
π 0.117349215 -0.056650948 0.115748525 -0.08760952 -0.17715104 -0.03903877 0.034881633 0.090222806 -0.07158886 -0.10876137 -0.033168018 -0.05291822 0.21205753 -0.079296365 0.029143676 0.03746655 0.06296991 0.11956502 -0.18265733 -0.29451725 -0.03579719 0.06658896 0.23361714 -0.0036319117 -0.06957564 0.090663515 -0.101406455 0.041584924 -0.10789039 0.10496476 -0.028119603 -0.020134954 0.17162691 0.009929829 0.07830329 -0.049032215 0.13182583 0.035021327 -0.039119944 -0.043950163 -0.0340477 -0.037115537 -0.18124837 0.112390056 0.0534579 -0.14757298 0.050881613 0.018044032 -0.06512262 -0.045020986
ς 0.066422164 -0.05311808 0.10640344 -0.09460367 -0.16690162 -0.08446231 0.038348816 0.08787629 -0.09348987 -0.1342485 0.00458048 -0.05932125 0.18077543 -0.07138862 0.0064514745 0.047534928 0.06192286 0.14220019 -0.20220408 -0.28098488 -0.042991444 0.058242414 0.20432183 0.0011551993 -0.08014808 0.06467243 -0.07141979 0.032079518 -0.086275995 0.06784422 -0.0015377246 -0.00957992 0.13618764 0.013365868 0.06957231 -0.064544804 0.16890745 -0.014148887 0.0058426354 -0.027322482 -0.02742525 -0.019400872 -0.13474704 0.08443396 0.08852545 -0.13739818 0.039851036 0.008788798 -0.024399588 -0.04412865
å 0.100008935 -0.02826718 0.068068914 -0.06368423 -0.10253399 -0.008552274 0.034117967 0.044655196 -0.026355475 -0.038183894 -0.02713551 -0.030418044 0.15257479 -0.061614096 0.012890199 0.021341676 -6.421871e-05 0.08564449 -0.13786672 -0.19749032 -0.040595435 0.0347997 0.1606018 0.011943563 -0.04767407 0.06880983 -0.082053706 0.0028235929 -0.06848657 0.067128755 0.009401793 0.0118173985 0.11534726 0.013656251 0.06456304 -0.040039945 0.085063644 0.022268077 0.0007717781 -0.039539825 -0.029870851 -0.038808867 -0.0931561 0.08941502 0.02692671 -0.1319766 0.0377461 0.012730925 -0.037639696 -0.07650373
ç 0.1364039 -0.017957918 0.10159283 -0.12225452 -0.14121823 -0.029528584 -0.007037524 0.062005375 -0.05295363 -0.08572901 -0.027116373 -0.014746846 0.1794698 -0.10031389 0.039120182 0.022162786 0.05180691 0.12594016 -0.14578393 -0.26591438 -0.053491514 0.010070587 0.16911611 -0.017230934 -0.09589234 0.06911932 -0.14353538 -0.0042855926 -0.06391567 0.09997154 -0.023086328 -0.013139434 0.12742427 -0.01870569 0.097914025 -0.02253266 0.12394878 0.04215402 -0.027867632 -0.084437326 -0.04230447 -0.053602308 -0.12573105 0.12554537 0.01995298 -0.16883865 0.008515045 0.010654588 -0.0776579 -0.084624775
υ 0.11038903 -0.06358256 0.081175976 -0.10288202 -0.15454903 -0.050358992 0.010387991 0.047748767 -0.08788444 -0.08984054 -0.013815841 -0.05499541 0.213889 -0.088229194 0.046387363 0.04914965 0.064464316 0.12110413 -0.20182 -0.3137727 -0.048432637 0.04330741 0.21538201 -0.00092350226 -0.08234781 0.086969525 -0.13060485 0.038789652 -0.09691533 0.10374426 -0.002907312 -0.006187008 0.16795403 0.0021042144 0.07757223 -0.050683565 0.14994936 0.03887605 -0.029695438 -0.055677805 -0.054850146 -0.026723556 -0.14607118 0.11723847 0.048677932 -0.16927902 0.0028642712 0.030234568 -0.08056454 -0.058695845
î 0.0696114 -0.042423405 0.040745296 -0.042036552 -0.08794306 -0.023928732 0.03942452 0.025488224 -0.05696648 -0.043776114 -0.043336134 -0.021059653 0.16587925 -0.07255377 -0.006449324 0.016357712 0.047516793 0.084116876 -0.13817142 -0.22745802 -0.009203631 0.04698007 0.17955469 -0.001126989 -0.07435242 0.05007869 -0.093756646 0.02239363 -0.07732274 0.08474397 0.00542153 -0.00062618434 0.13221684 0.011295437 0.04610485 -0.025838874 0.08308227 0.019631607 -0.019804955 -0.04465315 -0.01615225 -0.020828635 -0.11128336 0.09217364 0.032488298 -0.11748115 0.039819296 0.00940286 -0.039698586 -0.05075664
